Tarih,TP_TRT070933T21
2000-01-01,
2000-01-02,
2000-01-03,
2000-01-04,
2000-01-05,
2000-01-06,
2000-01-07,
2000-01-08,
2000-01-09,
2000-01-10,
2000-01-11,
2000-01-12,
2000-01-13,
2000-01-14,
2000-01-15,
2000-01-16,
2000-01-17,
2000-01-18,
2000-01-19,
2000-01-20,
2000-01-21,
2000-01-22,
2000-01-23,
2000-01-24,
2000-01-25,
2000-01-26,
2000-01-27,
2000-01-28,
2000-01-29,
2000-01-30,
2000-01-31,
2000-02-01,
2000-02-02,
2000-02-03,
2000-02-04,
2000-02-05,
2000-02-06,
2000-02-07,
2000-02-08,
2000-02-09,
2000-02-10,
2000-02-11,
2000-02-12,
2000-02-13,
2000-02-14,
2000-02-15,
2000-02-16,
2000-02-17,
2000-02-18,
2000-02-19,
2000-02-20,
2000-02-21,
2000-02-22,
2000-02-23,
2000-02-24,
2000-02-25,
2000-02-26,
2000-02-27,
2000-02-28,
2000-02-29,
2000-03-01,
2000-03-02,
2000-03-03,
2000-03-04,
2000-03-05,
2000-03-06,
2000-03-07,
2000-03-08,
2000-03-09,
2000-03-10,
2000-03-11,
2000-03-12,
2000-03-13,
2000-03-14,
2000-03-15,
2000-03-16,
2000-03-17,
2000-03-18,
2000-03-19,
2000-03-20,
2000-03-21,
2000-03-22,
2000-03-23,
2000-03-24,
2000-03-25,
2000-03-26,
2000-03-27,
2000-03-28,
2000-03-29,
2000-03-30,
2000-03-31,
2000-04-01,
2000-04-02,
2000-04-03,
2000-04-04,
2000-04-05,
2000-04-06,
2000-04-07,
2000-04-08,
2000-04-09,
2000-04-10,
2000-04-11,
2000-04-12,
2000-04-13,
2000-04-14,
2000-04-15,
2000-04-16,
2000-04-17,
2000-04-18,
2000-04-19,
2000-04-20,
2000-04-21,
2000-04-22,
2000-04-23,
2000-04-24,
2000-04-25,
2000-04-26,
2000-04-27,
2000-04-28,
2000-04-29,
2000-04-30,
2000-05-01,
2000-05-02,
2000-05-03,
2000-05-04,
2000-05-05,
2000-05-06,
2000-05-07,
2000-05-08,
2000-05-09,
2000-05-10,
2000-05-11,
2000-05-12,
2000-05-13,
2000-05-14,
2000-05-15,
2000-05-16,
2000-05-17,
2000-05-18,
2000-05-19,
2000-05-20,
2000-05-21,
2000-05-22,
2000-05-23,
2000-05-24,
2000-05-25,
2000-05-26,
2000-05-27,
2000-05-28,
2000-05-29,
2000-05-30,
2000-05-31,
2000-06-01,
2000-06-02,
2000-06-03,
2000-06-04,
2000-06-05,
2000-06-06,
2000-06-07,
2000-06-08,
2000-06-09,
2000-06-10,
2000-06-11,
2000-06-12,
2000-06-13,
2000-06-14,
2000-06-15,
2000-06-16,
2000-06-17,
2000-06-18,
2000-06-19,
2000-06-20,
2000-06-21,
2000-06-22,
2000-06-23,
2000-06-24,
2000-06-25,
2000-06-26,
2000-06-27,
2000-06-28,
2000-06-29,
2000-06-30,
2000-07-01,
2000-07-02,
2000-07-03,
2000-07-04,
2000-07-05,
2000-07-06,
2000-07-07,
2000-07-08,
2000-07-09,
2000-07-10,
2000-07-11,
2000-07-12,
2000-07-13,
2000-07-14,
2000-07-15,
2000-07-16,
2000-07-17,
2000-07-18,
2000-07-19,
2000-07-20,
2000-07-21,
2000-07-22,
2000-07-23,
2000-07-24,
2000-07-25,
2000-07-26,
2000-07-27,
2000-07-28,
2000-07-29,
2000-07-30,
2000-07-31,
2000-08-01,
2000-08-02,
2000-08-03,
2000-08-04,
2000-08-05,
2000-08-06,
2000-08-07,
2000-08-08,
2000-08-09,
2000-08-10,
2000-08-11,
2000-08-12,
2000-08-13,
2000-08-14,
2000-08-15,
2000-08-16,
2000-08-17,
2000-08-18,
2000-08-19,
2000-08-20,
2000-08-21,
2000-08-22,
2000-08-23,
2000-08-24,
2000-08-25,
2000-08-26,
2000-08-27,
2000-08-28,
2000-08-29,
2000-08-30,
2000-08-31,
2000-09-01,
2000-09-02,
2000-09-03,
2000-09-04,
2000-09-05,
2000-09-06,
2000-09-07,
2000-09-08,
2000-09-09,
2000-09-10,
2000-09-11,
2000-09-12,
2000-09-13,
2000-09-14,
2000-09-15,
2000-09-16,
2000-09-17,
2000-09-18,
2000-09-19,
2000-09-20,
2000-09-21,
2000-09-22,
2000-09-23,
2000-09-24,
2000-09-25,
2000-09-26,
2000-09-27,
2000-09-28,
2000-09-29,
2000-09-30,
2000-10-01,
2000-10-02,
2000-10-03,
2000-10-04,
2000-10-05,
2000-10-06,
2000-10-07,
2000-10-08,
2000-10-09,
2000-10-10,
2000-10-11,
2000-10-12,
2000-10-13,
2000-10-14,
2000-10-15,
2000-10-16,
2000-10-17,
2000-10-18,
2000-10-19,
2000-10-20,
2000-10-21,
2000-10-22,
2000-10-23,
2000-10-24,
2000-10-25,
2000-10-26,
2000-10-27,
2000-10-28,
2000-10-29,
2000-10-30,
2000-10-31,
2000-11-01,
2000-11-02,
2000-11-03,
2000-11-04,
2000-11-05,
2000-11-06,
2000-11-07,
2000-11-08,
2000-11-09,
2000-11-10,
2000-11-11,
2000-11-12,
2000-11-13,
2000-11-14,
2000-11-15,
2000-11-16,
2000-11-17,
2000-11-18,
2000-11-19,
2000-11-20,
2000-11-21,
2000-11-22,
2000-11-23,
2000-11-24,
2000-11-25,
2000-11-26,
2000-11-27,
2000-11-28,
2000-11-29,
2000-11-30,
2000-12-01,
2000-12-02,
2000-12-03,
2000-12-04,
2000-12-05,
2000-12-06,
2000-12-07,
2000-12-08,
2000-12-09,
2000-12-10,
2000-12-11,
2000-12-12,
2000-12-13,
2000-12-14,
2000-12-15,
2000-12-16,
2000-12-17,
2000-12-18,
2000-12-19,
2000-12-20,
2000-12-21,
2000-12-22,
2000-12-23,
2000-12-24,
2000-12-25,
2000-12-26,
2000-12-27,
2000-12-28,
2000-12-29,
2000-12-30,
2000-12-31,
2001-01-01,
2001-01-02,
2001-01-03,
2001-01-04,
2001-01-05,
2001-01-06,
2001-01-07,
2001-01-08,
2001-01-09,
2001-01-10,
2001-01-11,
2001-01-12,
2001-01-13,
2001-01-14,
2001-01-15,
2001-01-16,
2001-01-17,
2001-01-18,
2001-01-19,
2001-01-20,
2001-01-21,
2001-01-22,
2001-01-23,
2001-01-24,
2001-01-25,
2001-01-26,
2001-01-27,
2001-01-28,
2001-01-29,
2001-01-30,
2001-01-31,
2001-02-01,
2001-02-02,
2001-02-03,
2001-02-04,
2001-02-05,
2001-02-06,
2001-02-07,
2001-02-08,
2001-02-09,
2001-02-10,
2001-02-11,
2001-02-12,
2001-02-13,
2001-02-14,
2001-02-15,
2001-02-16,
2001-02-17,
2001-02-18,
2001-02-19,
2001-02-20,
2001-02-21,
2001-02-22,
2001-02-23,
2001-02-24,
2001-02-25,
2001-02-26,
2001-02-27,
2001-02-28,
2001-03-01,
2001-03-02,
2001-03-03,
2001-03-04,
2001-03-05,
2001-03-06,
2001-03-07,
2001-03-08,
2001-03-09,
2001-03-10,
2001-03-11,
2001-03-12,
2001-03-13,
2001-03-14,
2001-03-15,
2001-03-16,
2001-03-17,
2001-03-18,
2001-03-19,
2001-03-20,
2001-03-21,
2001-03-22,
2001-03-23,
2001-03-24,
2001-03-25,
2001-03-26,
2001-03-27,
2001-03-28,
2001-03-29,
2001-03-30,
2001-03-31,
2001-04-01,
2001-04-02,
2001-04-03,
2001-04-04,
2001-04-05,
2001-04-06,
2001-04-07,
2001-04-08,
2001-04-09,
2001-04-10,
2001-04-11,
2001-04-12,
2001-04-13,
2001-04-14,
2001-04-15,
2001-04-16,
2001-04-17,
2001-04-18,
2001-04-19,
2001-04-20,
2001-04-21,
2001-04-22,
2001-04-23,
2001-04-24,
2001-04-25,
2001-04-26,
2001-04-27,
2001-04-28,
2001-04-29,
2001-04-30,
2001-05-01,
2001-05-02,
2001-05-03,
2001-05-04,
2001-05-05,
2001-05-06,
2001-05-07,
2001-05-08,
2001-05-09,
2001-05-10,
2001-05-11,
2001-05-12,
2001-05-13,
2001-05-14,
2001-05-15,
2001-05-16,
2001-05-17,
2001-05-18,
2001-05-19,
2001-05-20,
2001-05-21,
2001-05-22,
2001-05-23,
2001-05-24,
2001-05-25,
2001-05-26,
2001-05-27,
2001-05-28,
2001-05-29,
2001-05-30,
2001-05-31,
2001-06-01,
2001-06-02,
2001-06-03,
2001-06-04,
2001-06-05,
2001-06-06,
2001-06-07,
2001-06-08,
2001-06-09,
2001-06-10,
2001-06-11,
2001-06-12,
2001-06-13,
2001-06-14,
2001-06-15,
2001-06-16,
2001-06-17,
2001-06-18,
2001-06-19,
2001-06-20,
2001-06-21,
2001-06-22,
2001-06-23,
2001-06-24,
2001-06-25,
2001-06-26,
2001-06-27,
2001-06-28,
2001-06-29,
2001-06-30,
2001-07-01,
2001-07-02,
2001-07-03,
2001-07-04,
2001-07-05,
2001-07-06,
2001-07-07,
2001-07-08,
2001-07-09,
2001-07-10,
2001-07-11,
2001-07-12,
2001-07-13,
2001-07-14,
2001-07-15,
2001-07-16,
2001-07-17,
2001-07-18,
2001-07-19,
2001-07-20,
2001-07-21,
2001-07-22,
2001-07-23,
2001-07-24,
2001-07-25,
2001-07-26,
2001-07-27,
2001-07-28,
2001-07-29,
2001-07-30,
2001-07-31,
2001-08-01,
2001-08-02,
2001-08-03,
2001-08-04,
2001-08-05,
2001-08-06,
2001-08-07,
2001-08-08,
2001-08-09,
2001-08-10,
2001-08-11,
2001-08-12,
2001-08-13,
2001-08-14,
2001-08-15,
2001-08-16,
2001-08-17,
2001-08-18,
2001-08-19,
2001-08-20,
2001-08-21,
2001-08-22,
2001-08-23,
2001-08-24,
2001-08-25,
2001-08-26,
2001-08-27,
2001-08-28,
2001-08-29,
2001-08-30,
2001-08-31,
2001-09-01,
2001-09-02,
2001-09-03,
2001-09-04,
2001-09-05,
2001-09-06,
2001-09-07,
2001-09-08,
2001-09-09,
2001-09-10,
2001-09-11,
2001-09-12,
2001-09-13,
2001-09-14,
2001-09-15,
2001-09-16,
2001-09-17,
2001-09-18,
2001-09-19,
2001-09-20,
2001-09-21,
2001-09-22,
2001-09-23,
2001-09-24,
2001-09-25,
2001-09-26,
2001-09-27,
2001-09-28,
2001-09-29,
2001-09-30,
2001-10-01,
2001-10-02,
2001-10-03,
2001-10-04,
2001-10-05,
2001-10-06,
2001-10-07,
2001-10-08,
2001-10-09,
2001-10-10,
2001-10-11,
2001-10-12,
2001-10-13,
2001-10-14,
2001-10-15,
2001-10-16,
2001-10-17,
2001-10-18,
2001-10-19,
2001-10-20,
2001-10-21,
2001-10-22,
2001-10-23,
2001-10-24,
2001-10-25,
2001-10-26,
2001-10-27,
2001-10-28,
2001-10-29,
2001-10-30,
2001-10-31,
2001-11-01,
2001-11-02,
2001-11-03,
2001-11-04,
2001-11-05,
2001-11-06,
2001-11-07,
2001-11-08,
2001-11-09,
2001-11-10,
2001-11-11,
2001-11-12,
2001-11-13,
2001-11-14,
2001-11-15,
2001-11-16,
2001-11-17,
2001-11-18,
2001-11-19,
2001-11-20,
2001-11-21,
2001-11-22,
2001-11-23,
2001-11-24,
2001-11-25,
2001-11-26,
2001-11-27,
2001-11-28,
2001-11-29,
2001-11-30,
2001-12-01,
2001-12-02,
2001-12-03,
2001-12-04,
2001-12-05,
2001-12-06,
2001-12-07,
2001-12-08,
2001-12-09,
2001-12-10,
2001-12-11,
2001-12-12,
2001-12-13,
2001-12-14,
2001-12-15,
2001-12-16,
2001-12-17,
2001-12-18,
2001-12-19,
2001-12-20,
2001-12-21,
2001-12-22,
2001-12-23,
2001-12-24,
2001-12-25,
2001-12-26,
2001-12-27,
2001-12-28,
2001-12-29,
2001-12-30,
2001-12-31,
2002-01-01,
2002-01-02,
2002-01-03,
2002-01-04,
2002-01-05,
2002-01-06,
2002-01-07,
2002-01-08,
2002-01-09,
2002-01-10,
2002-01-11,
2002-01-12,
2002-01-13,
2002-01-14,
2002-01-15,
2002-01-16,
2002-01-17,
2002-01-18,
2002-01-19,
2002-01-20,
2002-01-21,
2002-01-22,
2002-01-23,
2002-01-24,
2002-01-25,
2002-01-26,
2002-01-27,
2002-01-28,
2002-01-29,
2002-01-30,
2002-01-31,
2002-02-01,
2002-02-02,
2002-02-03,
2002-02-04,
2002-02-05,
2002-02-06,
2002-02-07,
2002-02-08,
2002-02-09,
2002-02-10,
2002-02-11,
2002-02-12,
2002-02-13,
2002-02-14,
2002-02-15,
2002-02-16,
2002-02-17,
2002-02-18,
2002-02-19,
2002-02-20,
2002-02-21,
2002-02-22,
2002-02-23,
2002-02-24,
2002-02-25,
2002-02-26,
2002-02-27,
2002-02-28,
2002-03-01,
2002-03-02,
2002-03-03,
2002-03-04,
2002-03-05,
2002-03-06,
2002-03-07,
2002-03-08,
2002-03-09,
2002-03-10,
2002-03-11,
2002-03-12,
2002-03-13,
2002-03-14,
2002-03-15,
2002-03-16,
2002-03-17,
2002-03-18,
2002-03-19,
2002-03-20,
2002-03-21,
2002-03-22,
2002-03-23,
2002-03-24,
2002-03-25,
2002-03-26,
2002-03-27,
2002-03-28,
2002-03-29,
2002-03-30,
2002-03-31,
2002-04-01,
2002-04-02,
2002-04-03,
2002-04-04,
2002-04-05,
2002-04-06,
2002-04-07,
2002-04-08,
2002-04-09,
2002-04-10,
2002-04-11,
2002-04-12,
2002-04-13,
2002-04-14,
2002-04-15,
2002-04-16,
2002-04-17,
2002-04-18,
2002-04-19,
2002-04-20,
2002-04-21,
2002-04-22,
2002-04-23,
2002-04-24,
2002-04-25,
2002-04-26,
2002-04-27,
2002-04-28,
2002-04-29,
2002-04-30,
2002-05-01,
2002-05-02,
2002-05-03,
2002-05-04,
2002-05-05,
2002-05-06,
2002-05-07,
2002-05-08,
2002-05-09,
2002-05-10,
2002-05-11,
2002-05-12,
2002-05-13,
2002-05-14,
2002-05-15,
2002-05-16,
2002-05-17,
2002-05-18,
2002-05-19,
2002-05-20,
2002-05-21,
2002-05-22,
2002-05-23,
2002-05-24,
2002-05-25,
2002-05-26,
2002-05-27,
2002-05-28,
2002-05-29,
2002-05-30,
2002-05-31,
2002-06-01,
2002-06-02,
2002-06-03,
2002-06-04,
2002-06-05,
2002-06-06,
2002-06-07,
2002-06-08,
2002-06-09,
2002-06-10,
2002-06-11,
2002-06-12,
2002-06-13,
2002-06-14,
2002-06-15,
2002-06-16,
2002-06-17,
2002-06-18,
2002-06-19,
2002-06-20,
2002-06-21,
2002-06-22,
2002-06-23,
2002-06-24,
2002-06-25,
2002-06-26,
2002-06-27,
2002-06-28,
2002-06-29,
2002-06-30,
2002-07-01,
2002-07-02,
2002-07-03,
2002-07-04,
2002-07-05,
2002-07-06,
2002-07-07,
2002-07-08,
2002-07-09,
2002-07-10,
2002-07-11,
2002-07-12,
2002-07-13,
2002-07-14,
2002-07-15,
2002-07-16,
2002-07-17,
2002-07-18,
2002-07-19,
2002-07-20,
2002-07-21,
2002-07-22,
2002-07-23,
2002-07-24,
2002-07-25,
2002-07-26,
2002-07-27,
2002-07-28,
2002-07-29,
2002-07-30,
2002-07-31,
2002-08-01,
2002-08-02,
2002-08-03,
2002-08-04,
2002-08-05,
2002-08-06,
2002-08-07,
2002-08-08,
2002-08-09,
2002-08-10,
2002-08-11,
2002-08-12,
2002-08-13,
2002-08-14,
2002-08-15,
2002-08-16,
2002-08-17,
2002-08-18,
2002-08-19,
2002-08-20,
2002-08-21,
2002-08-22,
2002-08-23,
2002-08-24,
2002-08-25,
2002-08-26,
2002-08-27,
2002-08-28,
2002-08-29,
2002-08-30,
2002-08-31,
2002-09-01,
2002-09-02,
2002-09-03,
2002-09-04,
2002-09-05,
2002-09-06,
2002-09-07,
2002-09-08,
2002-09-09,
2002-09-10,
2002-09-11,
2002-09-12,
2002-09-13,
2002-09-14,
2002-09-15,
2002-09-16,
2002-09-17,
2002-09-18,
2002-09-19,
2002-09-20,
2002-09-21,
2002-09-22,
2002-09-23,
2002-09-24,
2002-09-25,
2002-09-26,
2002-09-27,
2002-09-28,
2002-09-29,
2002-09-30,
2002-10-01,
2002-10-02,
2002-10-03,
2002-10-04,
2002-10-05,
2002-10-06,
2002-10-07,
2002-10-08,
2002-10-09,
2002-10-10,
2002-10-11,
2002-10-12,
2002-10-13,
2002-10-14,
2002-10-15,
2002-10-16,
2002-10-17,
2002-10-18,
2002-10-19,
2002-10-20,
2002-10-21,
2002-10-22,
2002-10-23,
2002-10-24,
2002-10-25,
2002-10-26,
2002-10-27,
2002-10-28,
2002-10-29,
2002-10-30,
2002-10-31,
2002-11-01,
2002-11-02,
2002-11-03,
2002-11-04,
2002-11-05,
2002-11-06,
2002-11-07,
2002-11-08,
2002-11-09,
2002-11-10,
2002-11-11,
2002-11-12,
2002-11-13,
2002-11-14,
2002-11-15,
2002-11-16,
2002-11-17,
2002-11-18,
2002-11-19,
2002-11-20,
2002-11-21,
2002-11-22,
2002-11-23,
2002-11-24,
2002-11-25,
2002-11-26,
2002-11-27,
2002-11-28,
2002-11-29,
2002-11-30,
2002-12-01,
2002-12-02,
2002-12-03,
2002-12-04,
2002-12-05,
2002-12-06,
2002-12-07,
2002-12-08,
2002-12-09,
2002-12-10,
2002-12-11,
2002-12-12,
2002-12-13,
2002-12-14,
2002-12-15,
2002-12-16,
2002-12-17,
2002-12-18,
2002-12-19,
2002-12-20,
2002-12-21,
2002-12-22,
2002-12-23,
2002-12-24,
2002-12-25,
2002-12-26,
2002-12-27,
2002-12-28,
2002-12-29,
2002-12-30,
2002-12-31,
2003-01-01,
2003-01-02,
2003-01-03,
2003-01-04,
2003-01-05,
2003-01-06,
2003-01-07,
2003-01-08,
2003-01-09,
2003-01-10,
2003-01-11,
2003-01-12,
2003-01-13,
2003-01-14,
2003-01-15,
2003-01-16,
2003-01-17,
2003-01-18,
2003-01-19,
2003-01-20,
2003-01-21,
2003-01-22,
2003-01-23,
2003-01-24,
2003-01-25,
2003-01-26,
2003-01-27,
2003-01-28,
2003-01-29,
2003-01-30,
2003-01-31,
2003-02-01,
2003-02-02,
2003-02-03,
2003-02-04,
2003-02-05,
2003-02-06,
2003-02-07,
2003-02-08,
2003-02-09,
2003-02-10,
2003-02-11,
2003-02-12,
2003-02-13,
2003-02-14,
2003-02-15,
2003-02-16,
2003-02-17,
2003-02-18,
2003-02-19,
2003-02-20,
2003-02-21,
2003-02-22,
2003-02-23,
2003-02-24,
2003-02-25,
2003-02-26,
2003-02-27,
2003-02-28,
2003-03-01,
2003-03-02,
2003-03-03,
2003-03-04,
2003-03-05,
2003-03-06,
2003-03-07,
2003-03-08,
2003-03-09,
2003-03-10,
2003-03-11,
2003-03-12,
2003-03-13,
2003-03-14,
2003-03-15,
2003-03-16,
2003-03-17,
2003-03-18,
2003-03-19,
2003-03-20,
2003-03-21,
2003-03-22,
2003-03-23,
2003-03-24,
2003-03-25,
2003-03-26,
2003-03-27,
2003-03-28,
2003-03-29,
2003-03-30,
2003-03-31,
2003-04-01,
2003-04-02,
2003-04-03,
2003-04-04,
2003-04-05,
2003-04-06,
2003-04-07,
2003-04-08,
2003-04-09,
2003-04-10,
2003-04-11,
2003-04-12,
2003-04-13,
2003-04-14,
2003-04-15,
2003-04-16,
2003-04-17,
2003-04-18,
2003-04-19,
2003-04-20,
2003-04-21,
2003-04-22,
2003-04-23,
2003-04-24,
2003-04-25,
2003-04-26,
2003-04-27,
2003-04-28,
2003-04-29,
2003-04-30,
2003-05-01,
2003-05-02,
2003-05-03,
2003-05-04,
2003-05-05,
2003-05-06,
2003-05-07,
2003-05-08,
2003-05-09,
2003-05-10,
2003-05-11,
2003-05-12,
2003-05-13,
2003-05-14,
2003-05-15,
2003-05-16,
2003-05-17,
2003-05-18,
2003-05-19,
2003-05-20,
2003-05-21,
2003-05-22,
2003-05-23,
2003-05-24,
2003-05-25,
2003-05-26,
2003-05-27,
2003-05-28,
2003-05-29,
2003-05-30,
2003-05-31,
2003-06-01,
2003-06-02,
2003-06-03,
2003-06-04,
2003-06-05,
2003-06-06,
2003-06-07,
2003-06-08,
2003-06-09,
2003-06-10,
2003-06-11,
2003-06-12,
2003-06-13,
2003-06-14,
2003-06-15,
2003-06-16,
2003-06-17,
2003-06-18,
2003-06-19,
2003-06-20,
2003-06-21,
2003-06-22,
2003-06-23,
2003-06-24,
2003-06-25,
2003-06-26,
2003-06-27,
2003-06-28,
2003-06-29,
2003-06-30,
2003-07-01,
2003-07-02,
2003-07-03,
2003-07-04,
2003-07-05,
2003-07-06,
2003-07-07,
2003-07-08,
2003-07-09,
2003-07-10,
2003-07-11,
2003-07-12,
2003-07-13,
2003-07-14,
2003-07-15,
2003-07-16,
2003-07-17,
2003-07-18,
2003-07-19,
2003-07-20,
2003-07-21,
2003-07-22,
2003-07-23,
2003-07-24,
2003-07-25,
2003-07-26,
2003-07-27,
2003-07-28,
2003-07-29,
2003-07-30,
2003-07-31,
2003-08-01,
2003-08-02,
2003-08-03,
2003-08-04,
2003-08-05,
2003-08-06,
2003-08-07,
2003-08-08,
2003-08-09,
2003-08-10,
2003-08-11,
2003-08-12,
2003-08-13,
2003-08-14,
2003-08-15,
2003-08-16,
2003-08-17,
2003-08-18,
2003-08-19,
2003-08-20,
2003-08-21,
2003-08-22,
2003-08-23,
2003-08-24,
2003-08-25,
2003-08-26,
2003-08-27,
2003-08-28,
2003-08-29,
2003-08-30,
2003-08-31,
2003-09-01,
2003-09-02,
2003-09-03,
2003-09-04,
2003-09-05,
2003-09-06,
2003-09-07,
2003-09-08,
2003-09-09,
2003-09-10,
2003-09-11,
2003-09-12,
2003-09-13,
2003-09-14,
2003-09-15,
2003-09-16,
2003-09-17,
2003-09-18,
2003-09-19,
2003-09-20,
2003-09-21,
2003-09-22,
2003-09-23,
2003-09-24,
2003-09-25,
2003-09-26,
2003-09-27,
2003-09-28,
2003-09-29,
2003-09-30,
2003-10-01,
2003-10-02,
2003-10-03,
2003-10-04,
2003-10-05,
2003-10-06,
2003-10-07,
2003-10-08,
2003-10-09,
2003-10-10,
2003-10-11,
2003-10-12,
2003-10-13,
2003-10-14,
2003-10-15,
2003-10-16,
2003-10-17,
2003-10-18,
2003-10-19,
2003-10-20,
2003-10-21,
2003-10-22,
2003-10-23,
2003-10-24,
2003-10-25,
2003-10-26,
2003-10-27,
2003-10-28,
2003-10-29,
2003-10-30,
2003-10-31,
2003-11-01,
2003-11-02,
2003-11-03,
2003-11-04,
2003-11-05,
2003-11-06,
2003-11-07,
2003-11-08,
2003-11-09,
2003-11-10,
2003-11-11,
2003-11-12,
2003-11-13,
2003-11-14,
2003-11-15,
2003-11-16,
2003-11-17,
2003-11-18,
2003-11-19,
2003-11-20,
2003-11-21,
2003-11-22,
2003-11-23,
2003-11-24,
2003-11-25,
2003-11-26,
2003-11-27,
2003-11-28,
2003-11-29,
2003-11-30,
2003-12-01,
2003-12-02,
2003-12-03,
2003-12-04,
2003-12-05,
2003-12-06,
2003-12-07,
2003-12-08,
2003-12-09,
2003-12-10,
2003-12-11,
2003-12-12,
2003-12-13,
2003-12-14,
2003-12-15,
2003-12-16,
2003-12-17,
2003-12-18,
2003-12-19,
2003-12-20,
2003-12-21,
2003-12-22,
2003-12-23,
2003-12-24,
2003-12-25,
2003-12-26,
2003-12-27,
2003-12-28,
2003-12-29,
2003-12-30,
2003-12-31,
2004-01-01,
2004-01-02,
2004-01-03,
2004-01-04,
2004-01-05,
2004-01-06,
2004-01-07,
2004-01-08,
2004-01-09,
2004-01-10,
2004-01-11,
2004-01-12,
2004-01-13,
2004-01-14,
2004-01-15,
2004-01-16,
2004-01-17,
2004-01-18,
2004-01-19,
2004-01-20,
2004-01-21,
2004-01-22,
2004-01-23,
2004-01-24,
2004-01-25,
2004-01-26,
2004-01-27,
2004-01-28,
2004-01-29,
2004-01-30,
2004-01-31,
2004-02-01,
2004-02-02,
2004-02-03,
2004-02-04,
2004-02-05,
2004-02-06,
2004-02-07,
2004-02-08,
2004-02-09,
2004-02-10,
2004-02-11,
2004-02-12,
2004-02-13,
2004-02-14,
2004-02-15,
2004-02-16,
2004-02-17,
2004-02-18,
2004-02-19,
2004-02-20,
2004-02-21,
2004-02-22,
2004-02-23,
2004-02-24,
2004-02-25,
2004-02-26,
2004-02-27,
2004-02-28,
2004-02-29,
2004-03-01,
2004-03-02,
2004-03-03,
2004-03-04,
2004-03-05,
2004-03-06,
2004-03-07,
2004-03-08,
2004-03-09,
2004-03-10,
2004-03-11,
2004-03-12,
2004-03-13,
2004-03-14,
2004-03-15,
2004-03-16,
2004-03-17,
2004-03-18,
2004-03-19,
2004-03-20,
2004-03-21,
2004-03-22,
2004-03-23,
2004-03-24,
2004-03-25,
2004-03-26,
2004-03-27,
2004-03-28,
2004-03-29,
2004-03-30,
2004-03-31,
2004-04-01,
2004-04-02,
2004-04-03,
2004-04-04,
2004-04-05,
2004-04-06,
2004-04-07,
2004-04-08,
2004-04-09,
2004-04-10,
2004-04-11,
2004-04-12,
2004-04-13,
2004-04-14,
2004-04-15,
2004-04-16,
2004-04-17,
2004-04-18,
2004-04-19,
2004-04-20,
2004-04-21,
2004-04-22,
2004-04-23,
2004-04-24,
2004-04-25,
2004-04-26,
2004-04-27,
2004-04-28,
2004-04-29,
2004-04-30,
2004-05-01,
2004-05-02,
2004-05-03,
2004-05-04,
2004-05-05,
2004-05-06,
2004-05-07,
2004-05-08,
2004-05-09,
2004-05-10,
2004-05-11,
2004-05-12,
2004-05-13,
2004-05-14,
2004-05-15,
2004-05-16,
2004-05-17,
2004-05-18,
2004-05-19,
2004-05-20,
2004-05-21,
2004-05-22,
2004-05-23,
2004-05-24,
2004-05-25,
2004-05-26,
2004-05-27,
2004-05-28,
2004-05-29,
2004-05-30,
2004-05-31,
2004-06-01,
2004-06-02,
2004-06-03,
2004-06-04,
2004-06-05,
2004-06-06,
2004-06-07,
2004-06-08,
2004-06-09,
2004-06-10,
2004-06-11,
2004-06-12,
2004-06-13,
2004-06-14,
2004-06-15,
2004-06-16,
2004-06-17,
2004-06-18,
2004-06-19,
2004-06-20,
2004-06-21,
2004-06-22,
2004-06-23,
2004-06-24,
2004-06-25,
2004-06-26,
2004-06-27,
2004-06-28,
2004-06-29,
2004-06-30,
2004-07-01,
2004-07-02,
2004-07-03,
2004-07-04,
2004-07-05,
2004-07-06,
2004-07-07,
2004-07-08,
2004-07-09,
2004-07-10,
2004-07-11,
2004-07-12,
2004-07-13,
2004-07-14,
2004-07-15,
2004-07-16,
2004-07-17,
2004-07-18,
2004-07-19,
2004-07-20,
2004-07-21,
2004-07-22,
2004-07-23,
2004-07-24,
2004-07-25,
2004-07-26,
2004-07-27,
2004-07-28,
2004-07-29,
2004-07-30,
2004-07-31,
2004-08-01,
2004-08-02,
2004-08-03,
2004-08-04,
2004-08-05,
2004-08-06,
2004-08-07,
2004-08-08,
2004-08-09,
2004-08-10,
2004-08-11,
2004-08-12,
2004-08-13,
2004-08-14,
2004-08-15,
2004-08-16,
2004-08-17,
2004-08-18,
2004-08-19,
2004-08-20,
2004-08-21,
2004-08-22,
2004-08-23,
2004-08-24,
2004-08-25,
2004-08-26,
2004-08-27,
2004-08-28,
2004-08-29,
2004-08-30,
2004-08-31,
2004-09-01,
2004-09-02,
2004-09-03,
2004-09-04,
2004-09-05,
2004-09-06,
2004-09-07,
2004-09-08,
2004-09-09,
2004-09-10,
2004-09-11,
2004-09-12,
2004-09-13,
2004-09-14,
2004-09-15,
2004-09-16,
2004-09-17,
2004-09-18,
2004-09-19,
2004-09-20,
2004-09-21,
2004-09-22,
2004-09-23,
2004-09-24,
2004-09-25,
2004-09-26,
2004-09-27,
2004-09-28,
2004-09-29,
2004-09-30,
2004-10-01,
2004-10-02,
2004-10-03,
2004-10-04,
2004-10-05,
2004-10-06,
2004-10-07,
2004-10-08,
2004-10-09,
2004-10-10,
2004-10-11,
2004-10-12,
2004-10-13,
2004-10-14,
2004-10-15,
2004-10-16,
2004-10-17,
2004-10-18,
2004-10-19,
2004-10-20,
2004-10-21,
2004-10-22,
2004-10-23,
2004-10-24,
2004-10-25,
2004-10-26,
2004-10-27,
2004-10-28,
2004-10-29,
2004-10-30,
2004-10-31,
2004-11-01,
2004-11-02,
2004-11-03,
2004-11-04,
2004-11-05,
2004-11-06,
2004-11-07,
2004-11-08,
2004-11-09,
2004-11-10,
2004-11-11,
2004-11-12,
2004-11-13,
2004-11-14,
2004-11-15,
2004-11-16,
2004-11-17,
2004-11-18,
2004-11-19,
2004-11-20,
2004-11-21,
2004-11-22,
2004-11-23,
2004-11-24,
2004-11-25,
2004-11-26,
2004-11-27,
2004-11-28,
2004-11-29,
2004-11-30,
2004-12-01,
2004-12-02,
2004-12-03,
2004-12-04,
2004-12-05,
2004-12-06,
2004-12-07,
2004-12-08,
2004-12-09,
2004-12-10,
2004-12-11,
2004-12-12,
2004-12-13,
2004-12-14,
2004-12-15,
2004-12-16,
2004-12-17,
2004-12-18,
2004-12-19,
2004-12-20,
2004-12-21,
2004-12-22,
2004-12-23,
2004-12-24,
2004-12-25,
2004-12-26,
2004-12-27,
2004-12-28,
2004-12-29,
2004-12-30,
2004-12-31,
2005-01-01,
2005-01-02,
2005-01-03,
2005-01-04,
2005-01-05,
2005-01-06,
2005-01-07,
2005-01-08,
2005-01-09,
2005-01-10,
2005-01-11,
2005-01-12,
2005-01-13,
2005-01-14,
2005-01-15,
2005-01-16,
2005-01-17,
2005-01-18,
2005-01-19,
2005-01-20,
2005-01-21,
2005-01-22,
2005-01-23,
2005-01-24,
2005-01-25,
2005-01-26,
2005-01-27,
2005-01-28,
2005-01-29,
2005-01-30,
2005-01-31,
2005-02-01,
2005-02-02,
2005-02-03,
2005-02-04,
2005-02-05,
2005-02-06,
2005-02-07,
2005-02-08,
2005-02-09,
2005-02-10,
2005-02-11,
2005-02-12,
2005-02-13,
2005-02-14,
2005-02-15,
2005-02-16,
2005-02-17,
2005-02-18,
2005-02-19,
2005-02-20,
2005-02-21,
2005-02-22,
2005-02-23,
2005-02-24,
2005-02-25,
2005-02-26,
2005-02-27,
2005-02-28,
2005-03-01,
2005-03-02,
2005-03-03,
2005-03-04,
2005-03-05,
2005-03-06,
2005-03-07,
2005-03-08,
2005-03-09,
2005-03-10,
2005-03-11,
2005-03-12,
2005-03-13,
2005-03-14,
2005-03-15,
2005-03-16,
2005-03-17,
2005-03-18,
2005-03-19,
2005-03-20,
2005-03-21,
2005-03-22,
2005-03-23,
2005-03-24,
2005-03-25,
2005-03-26,
2005-03-27,
2005-03-28,
2005-03-29,
2005-03-30,
2005-03-31,
2005-04-01,
2005-04-02,
2005-04-03,
2005-04-04,
2005-04-05,
2005-04-06,
2005-04-07,
2005-04-08,
2005-04-09,
2005-04-10,
2005-04-11,
2005-04-12,
2005-04-13,
2005-04-14,
2005-04-15,
2005-04-16,
2005-04-17,
2005-04-18,
2005-04-19,
2005-04-20,
2005-04-21,
2005-04-22,
2005-04-23,
2005-04-24,
2005-04-25,
2005-04-26,
2005-04-27,
2005-04-28,
2005-04-29,
2005-04-30,
2005-05-01,
2005-05-02,
2005-05-03,
2005-05-04,
2005-05-05,
2005-05-06,
2005-05-07,
2005-05-08,
2005-05-09,
2005-05-10,
2005-05-11,
2005-05-12,
2005-05-13,
2005-05-14,
2005-05-15,
2005-05-16,
2005-05-17,
2005-05-18,
2005-05-19,
2005-05-20,
2005-05-21,
2005-05-22,
2005-05-23,
2005-05-24,
2005-05-25,
2005-05-26,
2005-05-27,
2005-05-28,
2005-05-29,
2005-05-30,
2005-05-31,
2005-06-01,
2005-06-02,
2005-06-03,
2005-06-04,
2005-06-05,
2005-06-06,
2005-06-07,
2005-06-08,
2005-06-09,
2005-06-10,
2005-06-11,
2005-06-12,
2005-06-13,
2005-06-14,
2005-06-15,
2005-06-16,
2005-06-17,
2005-06-18,
2005-06-19,
2005-06-20,
2005-06-21,
2005-06-22,
2005-06-23,
2005-06-24,
2005-06-25,
2005-06-26,
2005-06-27,
2005-06-28,
2005-06-29,
2005-06-30,
2005-07-01,
2005-07-02,
2005-07-03,
2005-07-04,
2005-07-05,
2005-07-06,
2005-07-07,
2005-07-08,
2005-07-09,
2005-07-10,
2005-07-11,
2005-07-12,
2005-07-13,
2005-07-14,
2005-07-15,
2005-07-16,
2005-07-17,
2005-07-18,
2005-07-19,
2005-07-20,
2005-07-21,
2005-07-22,
2005-07-23,
2005-07-24,
2005-07-25,
2005-07-26,
2005-07-27,
2005-07-28,
2005-07-29,
2005-07-30,
2005-07-31,
2005-08-01,
2005-08-02,
2005-08-03,
2005-08-04,
2005-08-05,
2005-08-06,
2005-08-07,
2005-08-08,
2005-08-09,
2005-08-10,
2005-08-11,
2005-08-12,
2005-08-13,
2005-08-14,
2005-08-15,
2005-08-16,
2005-08-17,
2005-08-18,
2005-08-19,
2005-08-20,
2005-08-21,
2005-08-22,
2005-08-23,
2005-08-24,
2005-08-25,
2005-08-26,
2005-08-27,
2005-08-28,
2005-08-29,
2005-08-30,
2005-08-31,
2005-09-01,
2005-09-02,
2005-09-03,
2005-09-04,
2005-09-05,
2005-09-06,
2005-09-07,
2005-09-08,
2005-09-09,
2005-09-10,
2005-09-11,
2005-09-12,
2005-09-13,
2005-09-14,
2005-09-15,
2005-09-16,
2005-09-17,
2005-09-18,
2005-09-19,
2005-09-20,
2005-09-21,
2005-09-22,
2005-09-23,
2005-09-24,
2005-09-25,
2005-09-26,
2005-09-27,
2005-09-28,
2005-09-29,
2005-09-30,
2005-10-01,
2005-10-02,
2005-10-03,
2005-10-04,
2005-10-05,
2005-10-06,
2005-10-07,
2005-10-08,
2005-10-09,
2005-10-10,
2005-10-11,
2005-10-12,
2005-10-13,
2005-10-14,
2005-10-15,
2005-10-16,
2005-10-17,
2005-10-18,
2005-10-19,
2005-10-20,
2005-10-21,
2005-10-22,
2005-10-23,
2005-10-24,
2005-10-25,
2005-10-26,
2005-10-27,
2005-10-28,
2005-10-29,
2005-10-30,
2005-10-31,
2005-11-01,
2005-11-02,
2005-11-03,
2005-11-04,
2005-11-05,
2005-11-06,
2005-11-07,
2005-11-08,
2005-11-09,
2005-11-10,
2005-11-11,
2005-11-12,
2005-11-13,
2005-11-14,
2005-11-15,
2005-11-16,
2005-11-17,
2005-11-18,
2005-11-19,
2005-11-20,
2005-11-21,
2005-11-22,
2005-11-23,
2005-11-24,
2005-11-25,
2005-11-26,
2005-11-27,
2005-11-28,
2005-11-29,
2005-11-30,
2005-12-01,
2005-12-02,
2005-12-03,
2005-12-04,
2005-12-05,
2005-12-06,
2005-12-07,
2005-12-08,
2005-12-09,
2005-12-10,
2005-12-11,
2005-12-12,
2005-12-13,
2005-12-14,
2005-12-15,
2005-12-16,
2005-12-17,
2005-12-18,
2005-12-19,
2005-12-20,
2005-12-21,
2005-12-22,
2005-12-23,
2005-12-24,
2005-12-25,
2005-12-26,
2005-12-27,
2005-12-28,
2005-12-29,
2005-12-30,
2005-12-31,
2006-01-01,
2006-01-02,
2006-01-03,
2006-01-04,
2006-01-05,
2006-01-06,
2006-01-07,
2006-01-08,
2006-01-09,
2006-01-10,
2006-01-11,
2006-01-12,
2006-01-13,
2006-01-14,
2006-01-15,
2006-01-16,
2006-01-17,
2006-01-18,
2006-01-19,
2006-01-20,
2006-01-21,
2006-01-22,
2006-01-23,
2006-01-24,
2006-01-25,
2006-01-26,
2006-01-27,
2006-01-28,
2006-01-29,
2006-01-30,
2006-01-31,
2006-02-01,
2006-02-02,
2006-02-03,
2006-02-04,
2006-02-05,
2006-02-06,
2006-02-07,
2006-02-08,
2006-02-09,
2006-02-10,
2006-02-11,
2006-02-12,
2006-02-13,
2006-02-14,
2006-02-15,
2006-02-16,
2006-02-17,
2006-02-18,
2006-02-19,
2006-02-20,
2006-02-21,
2006-02-22,
2006-02-23,
2006-02-24,
2006-02-25,
2006-02-26,
2006-02-27,
2006-02-28,
2006-03-01,
2006-03-02,
2006-03-03,
2006-03-04,
2006-03-05,
2006-03-06,
2006-03-07,
2006-03-08,
2006-03-09,
2006-03-10,
2006-03-11,
2006-03-12,
2006-03-13,
2006-03-14,
2006-03-15,
2006-03-16,
2006-03-17,
2006-03-18,
2006-03-19,
2006-03-20,
2006-03-21,
2006-03-22,
2006-03-23,
2006-03-24,
2006-03-25,
2006-03-26,
2006-03-27,
2006-03-28,
2006-03-29,
2006-03-30,
2006-03-31,
2006-04-01,
2006-04-02,
2006-04-03,
2006-04-04,
2006-04-05,
2006-04-06,
2006-04-07,
2006-04-08,
2006-04-09,
2006-04-10,
2006-04-11,
2006-04-12,
2006-04-13,
2006-04-14,
2006-04-15,
2006-04-16,
2006-04-17,
2006-04-18,
2006-04-19,
2006-04-20,
2006-04-21,
2006-04-22,
2006-04-23,
2006-04-24,
2006-04-25,
2006-04-26,
2006-04-27,
2006-04-28,
2006-04-29,
2006-04-30,
2006-05-01,
2006-05-02,
2006-05-03,
2006-05-04,
2006-05-05,
2006-05-06,
2006-05-07,
2006-05-08,
2006-05-09,
2006-05-10,
2006-05-11,
2006-05-12,
2006-05-13,
2006-05-14,
2006-05-15,
2006-05-16,
2006-05-17,
2006-05-18,
2006-05-19,
2006-05-20,
2006-05-21,
2006-05-22,
2006-05-23,
2006-05-24,
2006-05-25,
2006-05-26,
2006-05-27,
2006-05-28,
2006-05-29,
2006-05-30,
2006-05-31,
2006-06-01,
2006-06-02,
2006-06-03,
2006-06-04,
2006-06-05,
2006-06-06,
2006-06-07,
2006-06-08,
2006-06-09,
2006-06-10,
2006-06-11,
2006-06-12,
2006-06-13,
2006-06-14,
2006-06-15,
2006-06-16,
2006-06-17,
2006-06-18,
2006-06-19,
2006-06-20,
2006-06-21,
2006-06-22,
2006-06-23,
2006-06-24,
2006-06-25,
2006-06-26,
2006-06-27,
2006-06-28,
2006-06-29,
2006-06-30,
2006-07-01,
2006-07-02,
2006-07-03,
2006-07-04,
2006-07-05,
2006-07-06,
2006-07-07,
2006-07-08,
2006-07-09,
2006-07-10,
2006-07-11,
2006-07-12,
2006-07-13,
2006-07-14,
2006-07-15,
2006-07-16,
2006-07-17,
2006-07-18,
2006-07-19,
2006-07-20,
2006-07-21,
2006-07-22,
2006-07-23,
2006-07-24,
2006-07-25,
2006-07-26,
2006-07-27,
2006-07-28,
2006-07-29,
2006-07-30,
2006-07-31,
2006-08-01,
2006-08-02,
2006-08-03,
2006-08-04,
2006-08-05,
2006-08-06,
2006-08-07,
2006-08-08,
2006-08-09,
2006-08-10,
2006-08-11,
2006-08-12,
2006-08-13,
2006-08-14,
2006-08-15,
2006-08-16,
2006-08-17,
2006-08-18,
2006-08-19,
2006-08-20,
2006-08-21,
2006-08-22,
2006-08-23,
2006-08-24,
2006-08-25,
2006-08-26,
2006-08-27,
2006-08-28,
2006-08-29,
2006-08-30,
2006-08-31,
2006-09-01,
2006-09-02,
2006-09-03,
2006-09-04,
2006-09-05,
2006-09-06,
2006-09-07,
2006-09-08,
2006-09-09,
2006-09-10,
2006-09-11,
2006-09-12,
2006-09-13,
2006-09-14,
2006-09-15,
2006-09-16,
2006-09-17,
2006-09-18,
2006-09-19,
2006-09-20,
2006-09-21,
2006-09-22,
2006-09-23,
2006-09-24,
2006-09-25,
2006-09-26,
2006-09-27,
2006-09-28,
2006-09-29,
2006-09-30,
2006-10-01,
2006-10-02,
2006-10-03,
2006-10-04,
2006-10-05,
2006-10-06,
2006-10-07,
2006-10-08,
2006-10-09,
2006-10-10,
2006-10-11,
2006-10-12,
2006-10-13,
2006-10-14,
2006-10-15,
2006-10-16,
2006-10-17,
2006-10-18,
2006-10-19,
2006-10-20,
2006-10-21,
2006-10-22,
2006-10-23,
2006-10-24,
2006-10-25,
2006-10-26,
2006-10-27,
2006-10-28,
2006-10-29,
2006-10-30,
2006-10-31,
2006-11-01,
2006-11-02,
2006-11-03,
2006-11-04,
2006-11-05,
2006-11-06,
2006-11-07,
2006-11-08,
2006-11-09,
2006-11-10,
2006-11-11,
2006-11-12,
2006-11-13,
2006-11-14,
2006-11-15,
2006-11-16,
2006-11-17,
2006-11-18,
2006-11-19,
2006-11-20,
2006-11-21,
2006-11-22,
2006-11-23,
2006-11-24,
2006-11-25,
2006-11-26,
2006-11-27,
2006-11-28,
2006-11-29,
2006-11-30,
2006-12-01,
2006-12-02,
2006-12-03,
2006-12-04,
2006-12-05,
2006-12-06,
2006-12-07,
2006-12-08,
2006-12-09,
2006-12-10,
2006-12-11,
2006-12-12,
2006-12-13,
2006-12-14,
2006-12-15,
2006-12-16,
2006-12-17,
2006-12-18,
2006-12-19,
2006-12-20,
2006-12-21,
2006-12-22,
2006-12-23,
2006-12-24,
2006-12-25,
2006-12-26,
2006-12-27,
2006-12-28,
2006-12-29,
2006-12-30,
2006-12-31,
2007-01-01,
2007-01-02,
2007-01-03,
2007-01-04,
2007-01-05,
2007-01-06,
2007-01-07,
2007-01-08,
2007-01-09,
2007-01-10,
2007-01-11,
2007-01-12,
2007-01-13,
2007-01-14,
2007-01-15,
2007-01-16,
2007-01-17,
2007-01-18,
2007-01-19,
2007-01-20,
2007-01-21,
2007-01-22,
2007-01-23,
2007-01-24,
2007-01-25,
2007-01-26,
2007-01-27,
2007-01-28,
2007-01-29,
2007-01-30,
2007-01-31,
2007-02-01,
2007-02-02,
2007-02-03,
2007-02-04,
2007-02-05,
2007-02-06,
2007-02-07,
2007-02-08,
2007-02-09,
2007-02-10,
2007-02-11,
2007-02-12,
2007-02-13,
2007-02-14,
2007-02-15,
2007-02-16,
2007-02-17,
2007-02-18,
2007-02-19,
2007-02-20,
2007-02-21,
2007-02-22,
2007-02-23,
2007-02-24,
2007-02-25,
2007-02-26,
2007-02-27,
2007-02-28,
2007-03-01,
2007-03-02,
2007-03-03,
2007-03-04,
2007-03-05,
2007-03-06,
2007-03-07,
2007-03-08,
2007-03-09,
2007-03-10,
2007-03-11,
2007-03-12,
2007-03-13,
2007-03-14,
2007-03-15,
2007-03-16,
2007-03-17,
2007-03-18,
2007-03-19,
2007-03-20,
2007-03-21,
2007-03-22,
2007-03-23,
2007-03-24,
2007-03-25,
2007-03-26,
2007-03-27,
2007-03-28,
2007-03-29,
2007-03-30,
2007-03-31,
2007-04-01,
2007-04-02,
2007-04-03,
2007-04-04,
2007-04-05,
2007-04-06,
2007-04-07,
2007-04-08,
2007-04-09,
2007-04-10,
2007-04-11,
2007-04-12,
2007-04-13,
2007-04-14,
2007-04-15,
2007-04-16,
2007-04-17,
2007-04-18,
2007-04-19,
2007-04-20,
2007-04-21,
2007-04-22,
2007-04-23,
2007-04-24,
2007-04-25,
2007-04-26,
2007-04-27,
2007-04-28,
2007-04-29,
2007-04-30,
2007-05-01,
2007-05-02,
2007-05-03,
2007-05-04,
2007-05-05,
2007-05-06,
2007-05-07,
2007-05-08,
2007-05-09,
2007-05-10,
2007-05-11,
2007-05-12,
2007-05-13,
2007-05-14,
2007-05-15,
2007-05-16,
2007-05-17,
2007-05-18,
2007-05-19,
2007-05-20,
2007-05-21,
2007-05-22,
2007-05-23,
2007-05-24,
2007-05-25,
2007-05-26,
2007-05-27,
2007-05-28,
2007-05-29,
2007-05-30,
2007-05-31,
2007-06-01,
2007-06-02,
2007-06-03,
2007-06-04,
2007-06-05,
2007-06-06,
2007-06-07,
2007-06-08,
2007-06-09,
2007-06-10,
2007-06-11,
2007-06-12,
2007-06-13,
2007-06-14,
2007-06-15,
2007-06-16,
2007-06-17,
2007-06-18,
2007-06-19,
2007-06-20,
2007-06-21,
2007-06-22,
2007-06-23,
2007-06-24,
2007-06-25,
2007-06-26,
2007-06-27,
2007-06-28,
2007-06-29,
2007-06-30,
2007-07-01,
2007-07-02,
2007-07-03,
2007-07-04,
2007-07-05,
2007-07-06,
2007-07-07,
2007-07-08,
2007-07-09,
2007-07-10,
2007-07-11,
2007-07-12,
2007-07-13,
2007-07-14,
2007-07-15,
2007-07-16,
2007-07-17,
2007-07-18,
2007-07-19,
2007-07-20,
2007-07-21,
2007-07-22,
2007-07-23,
2007-07-24,
2007-07-25,
2007-07-26,
2007-07-27,
2007-07-28,
2007-07-29,
2007-07-30,
2007-07-31,
2007-08-01,
2007-08-02,
2007-08-03,
2007-08-04,
2007-08-05,
2007-08-06,
2007-08-07,
2007-08-08,
2007-08-09,
2007-08-10,
2007-08-11,
2007-08-12,
2007-08-13,
2007-08-14,
2007-08-15,
2007-08-16,
2007-08-17,
2007-08-18,
2007-08-19,
2007-08-20,
2007-08-21,
2007-08-22,
2007-08-23,
2007-08-24,
2007-08-25,
2007-08-26,
2007-08-27,
2007-08-28,
2007-08-29,
2007-08-30,
2007-08-31,
2007-09-01,
2007-09-02,
2007-09-03,
2007-09-04,
2007-09-05,
2007-09-06,
2007-09-07,
2007-09-08,
2007-09-09,
2007-09-10,
2007-09-11,
2007-09-12,
2007-09-13,
2007-09-14,
2007-09-15,
2007-09-16,
2007-09-17,
2007-09-18,
2007-09-19,
2007-09-20,
2007-09-21,
2007-09-22,
2007-09-23,
2007-09-24,
2007-09-25,
2007-09-26,
2007-09-27,
2007-09-28,
2007-09-29,
2007-09-30,
2007-10-01,
2007-10-02,
2007-10-03,
2007-10-04,
2007-10-05,
2007-10-06,
2007-10-07,
2007-10-08,
2007-10-09,
2007-10-10,
2007-10-11,
2007-10-12,
2007-10-13,
2007-10-14,
2007-10-15,
2007-10-16,
2007-10-17,
2007-10-18,
2007-10-19,
2007-10-20,
2007-10-21,
2007-10-22,
2007-10-23,
2007-10-24,
2007-10-25,
2007-10-26,
2007-10-27,
2007-10-28,
2007-10-29,
2007-10-30,
2007-10-31,
2007-11-01,
2007-11-02,
2007-11-03,
2007-11-04,
2007-11-05,
2007-11-06,
2007-11-07,
2007-11-08,
2007-11-09,
2007-11-10,
2007-11-11,
2007-11-12,
2007-11-13,
2007-11-14,
2007-11-15,
2007-11-16,
2007-11-17,
2007-11-18,
2007-11-19,
2007-11-20,
2007-11-21,
2007-11-22,
2007-11-23,
2007-11-24,
2007-11-25,
2007-11-26,
2007-11-27,
2007-11-28,
2007-11-29,
2007-11-30,
2007-12-01,
2007-12-02,
2007-12-03,
2007-12-04,
2007-12-05,
2007-12-06,
2007-12-07,
2007-12-08,
2007-12-09,
2007-12-10,
2007-12-11,
2007-12-12,
2007-12-13,
2007-12-14,
2007-12-15,
2007-12-16,
2007-12-17,
2007-12-18,
2007-12-19,
2007-12-20,
2007-12-21,
2007-12-22,
2007-12-23,
2007-12-24,
2007-12-25,
2007-12-26,
2007-12-27,
2007-12-28,
2007-12-29,
2007-12-30,
2007-12-31,
2008-01-01,
2008-01-02,
2008-01-03,
2008-01-04,
2008-01-05,
2008-01-06,
2008-01-07,
2008-01-08,
2008-01-09,
2008-01-10,
2008-01-11,
2008-01-12,
2008-01-13,
2008-01-14,
2008-01-15,
2008-01-16,
2008-01-17,
2008-01-18,
2008-01-19,
2008-01-20,
2008-01-21,
2008-01-22,
2008-01-23,
2008-01-24,
2008-01-25,
2008-01-26,
2008-01-27,
2008-01-28,
2008-01-29,
2008-01-30,
2008-01-31,
2008-02-01,
2008-02-02,
2008-02-03,
2008-02-04,
2008-02-05,
2008-02-06,
2008-02-07,
2008-02-08,
2008-02-09,
2008-02-10,
2008-02-11,
2008-02-12,
2008-02-13,
2008-02-14,
2008-02-15,
2008-02-16,
2008-02-17,
2008-02-18,
2008-02-19,
2008-02-20,
2008-02-21,
2008-02-22,
2008-02-23,
2008-02-24,
2008-02-25,
2008-02-26,
2008-02-27,
2008-02-28,
2008-02-29,
2008-03-01,
2008-03-02,
2008-03-03,
2008-03-04,
2008-03-05,
2008-03-06,
2008-03-07,
2008-03-08,
2008-03-09,
2008-03-10,
2008-03-11,
2008-03-12,
2008-03-13,
2008-03-14,
2008-03-15,
2008-03-16,
2008-03-17,
2008-03-18,
2008-03-19,
2008-03-20,
2008-03-21,
2008-03-22,
2008-03-23,
2008-03-24,
2008-03-25,
2008-03-26,
2008-03-27,
2008-03-28,
2008-03-29,
2008-03-30,
2008-03-31,
2008-04-01,
2008-04-02,
2008-04-03,
2008-04-04,
2008-04-05,
2008-04-06,
2008-04-07,
2008-04-08,
2008-04-09,
2008-04-10,
2008-04-11,
2008-04-12,
2008-04-13,
2008-04-14,
2008-04-15,
2008-04-16,
2008-04-17,
2008-04-18,
2008-04-19,
2008-04-20,
2008-04-21,
2008-04-22,
2008-04-23,
2008-04-24,
2008-04-25,
2008-04-26,
2008-04-27,
2008-04-28,
2008-04-29,
2008-04-30,
2008-05-01,
2008-05-02,
2008-05-03,
2008-05-04,
2008-05-05,
2008-05-06,
2008-05-07,
2008-05-08,
2008-05-09,
2008-05-10,
2008-05-11,
2008-05-12,
2008-05-13,
2008-05-14,
2008-05-15,
2008-05-16,
2008-05-17,
2008-05-18,
2008-05-19,
2008-05-20,
2008-05-21,
2008-05-22,
2008-05-23,
2008-05-24,
2008-05-25,
2008-05-26,
2008-05-27,
2008-05-28,
2008-05-29,
2008-05-30,
2008-05-31,
2008-06-01,
2008-06-02,
2008-06-03,
2008-06-04,
2008-06-05,
2008-06-06,
2008-06-07,
2008-06-08,
2008-06-09,
2008-06-10,
2008-06-11,
2008-06-12,
2008-06-13,
2008-06-14,
2008-06-15,
2008-06-16,
2008-06-17,
2008-06-18,
2008-06-19,
2008-06-20,
2008-06-21,
2008-06-22,
2008-06-23,
2008-06-24,
2008-06-25,
2008-06-26,
2008-06-27,
2008-06-28,
2008-06-29,
2008-06-30,
2008-07-01,
2008-07-02,
2008-07-03,
2008-07-04,
2008-07-05,
2008-07-06,
2008-07-07,
2008-07-08,
2008-07-09,
2008-07-10,
2008-07-11,
2008-07-12,
2008-07-13,
2008-07-14,
2008-07-15,
2008-07-16,
2008-07-17,
2008-07-18,
2008-07-19,
2008-07-20,
2008-07-21,
2008-07-22,
2008-07-23,
2008-07-24,
2008-07-25,
2008-07-26,
2008-07-27,
2008-07-28,
2008-07-29,
2008-07-30,
2008-07-31,
2008-08-01,
2008-08-02,
2008-08-03,
2008-08-04,
2008-08-05,
2008-08-06,
2008-08-07,
2008-08-08,
2008-08-09,
2008-08-10,
2008-08-11,
2008-08-12,
2008-08-13,
2008-08-14,
2008-08-15,
2008-08-16,
2008-08-17,
2008-08-18,
2008-08-19,
2008-08-20,
2008-08-21,
2008-08-22,
2008-08-23,
2008-08-24,
2008-08-25,
2008-08-26,
2008-08-27,
2008-08-28,
2008-08-29,
2008-08-30,
2008-08-31,
2008-09-01,
2008-09-02,
2008-09-03,
2008-09-04,
2008-09-05,
2008-09-06,
2008-09-07,
2008-09-08,
2008-09-09,
2008-09-10,
2008-09-11,
2008-09-12,
2008-09-13,
2008-09-14,
2008-09-15,
2008-09-16,
2008-09-17,
2008-09-18,
2008-09-19,
2008-09-20,
2008-09-21,
2008-09-22,
2008-09-23,
2008-09-24,
2008-09-25,
2008-09-26,
2008-09-27,
2008-09-28,
2008-09-29,
2008-09-30,
2008-10-01,
2008-10-02,
2008-10-03,
2008-10-04,
2008-10-05,
2008-10-06,
2008-10-07,
2008-10-08,
2008-10-09,
2008-10-10,
2008-10-11,
2008-10-12,
2008-10-13,
2008-10-14,
2008-10-15,
2008-10-16,
2008-10-17,
2008-10-18,
2008-10-19,
2008-10-20,
2008-10-21,
2008-10-22,
2008-10-23,
2008-10-24,
2008-10-25,
2008-10-26,
2008-10-27,
2008-10-28,
2008-10-29,
2008-10-30,
2008-10-31,
2008-11-01,
2008-11-02,
2008-11-03,
2008-11-04,
2008-11-05,
2008-11-06,
2008-11-07,
2008-11-08,
2008-11-09,
2008-11-10,
2008-11-11,
2008-11-12,
2008-11-13,
2008-11-14,
2008-11-15,
2008-11-16,
2008-11-17,
2008-11-18,
2008-11-19,
2008-11-20,
2008-11-21,
2008-11-22,
2008-11-23,
2008-11-24,
2008-11-25,
2008-11-26,
2008-11-27,
2008-11-28,
2008-11-29,
2008-11-30,
2008-12-01,
2008-12-02,
2008-12-03,
2008-12-04,
2008-12-05,
2008-12-06,
2008-12-07,
2008-12-08,
2008-12-09,
2008-12-10,
2008-12-11,
2008-12-12,
2008-12-13,
2008-12-14,
2008-12-15,
2008-12-16,
2008-12-17,
2008-12-18,
2008-12-19,
2008-12-20,
2008-12-21,
2008-12-22,
2008-12-23,
2008-12-24,
2008-12-25,
2008-12-26,
2008-12-27,
2008-12-28,
2008-12-29,
2008-12-30,
2008-12-31,
2009-01-01,
2009-01-02,
2009-01-03,
2009-01-04,
2009-01-05,
2009-01-06,
2009-01-07,
2009-01-08,
2009-01-09,
2009-01-10,
2009-01-11,
2009-01-12,
2009-01-13,
2009-01-14,
2009-01-15,
2009-01-16,
2009-01-17,
2009-01-18,
2009-01-19,
2009-01-20,
2009-01-21,
2009-01-22,
2009-01-23,
2009-01-24,
2009-01-25,
2009-01-26,
2009-01-27,
2009-01-28,
2009-01-29,
2009-01-30,
2009-01-31,
2009-02-01,
2009-02-02,
2009-02-03,
2009-02-04,
2009-02-05,
2009-02-06,
2009-02-07,
2009-02-08,
2009-02-09,
2009-02-10,
2009-02-11,
2009-02-12,
2009-02-13,
2009-02-14,
2009-02-15,
2009-02-16,
2009-02-17,
2009-02-18,
2009-02-19,
2009-02-20,
2009-02-21,
2009-02-22,
2009-02-23,
2009-02-24,
2009-02-25,
2009-02-26,
2009-02-27,
2009-02-28,
2009-03-01,
2009-03-02,
2009-03-03,
2009-03-04,
2009-03-05,
2009-03-06,
2009-03-07,
2009-03-08,
2009-03-09,
2009-03-10,
2009-03-11,
2009-03-12,
2009-03-13,
2009-03-14,
2009-03-15,
2009-03-16,
2009-03-17,
2009-03-18,
2009-03-19,
2009-03-20,
2009-03-21,
2009-03-22,
2009-03-23,
2009-03-24,
2009-03-25,
2009-03-26,
2009-03-27,
2009-03-28,
2009-03-29,
2009-03-30,
2009-03-31,
2009-04-01,
2009-04-02,
2009-04-03,
2009-04-04,
2009-04-05,
2009-04-06,
2009-04-07,
2009-04-08,
2009-04-09,
2009-04-10,
2009-04-11,
2009-04-12,
2009-04-13,
2009-04-14,
2009-04-15,
2009-04-16,
2009-04-17,
2009-04-18,
2009-04-19,
2009-04-20,
2009-04-21,
2009-04-22,
2009-04-23,
2009-04-24,
2009-04-25,
2009-04-26,
2009-04-27,
2009-04-28,
2009-04-29,
2009-04-30,
2009-05-01,
2009-05-02,
2009-05-03,
2009-05-04,
2009-05-05,
2009-05-06,
2009-05-07,
2009-05-08,
2009-05-09,
2009-05-10,
2009-05-11,
2009-05-12,
2009-05-13,
2009-05-14,
2009-05-15,
2009-05-16,
2009-05-17,
2009-05-18,
2009-05-19,
2009-05-20,
2009-05-21,
2009-05-22,
2009-05-23,
2009-05-24,
2009-05-25,
2009-05-26,
2009-05-27,
2009-05-28,
2009-05-29,
2009-05-30,
2009-05-31,
2009-06-01,
2009-06-02,
2009-06-03,
2009-06-04,
2009-06-05,
2009-06-06,
2009-06-07,
2009-06-08,
2009-06-09,
2009-06-10,
2009-06-11,
2009-06-12,
2009-06-13,
2009-06-14,
2009-06-15,
2009-06-16,
2009-06-17,
2009-06-18,
2009-06-19,
2009-06-20,
2009-06-21,
2009-06-22,
2009-06-23,
2009-06-24,
2009-06-25,
2009-06-26,
2009-06-27,
2009-06-28,
2009-06-29,
2009-06-30,
2009-07-01,
2009-07-02,
2009-07-03,
2009-07-04,
2009-07-05,
2009-07-06,
2009-07-07,
2009-07-08,
2009-07-09,
2009-07-10,
2009-07-11,
2009-07-12,
2009-07-13,
2009-07-14,
2009-07-15,
2009-07-16,
2009-07-17,
2009-07-18,
2009-07-19,
2009-07-20,
2009-07-21,
2009-07-22,
2009-07-23,
2009-07-24,
2009-07-25,
2009-07-26,
2009-07-27,
2009-07-28,
2009-07-29,
2009-07-30,
2009-07-31,
2009-08-01,
2009-08-02,
2009-08-03,
2009-08-04,
2009-08-05,
2009-08-06,
2009-08-07,
2009-08-08,
2009-08-09,
2009-08-10,
2009-08-11,
2009-08-12,
2009-08-13,
2009-08-14,
2009-08-15,
2009-08-16,
2009-08-17,
2009-08-18,
2009-08-19,
2009-08-20,
2009-08-21,
2009-08-22,
2009-08-23,
2009-08-24,
2009-08-25,
2009-08-26,
2009-08-27,
2009-08-28,
2009-08-29,
2009-08-30,
2009-08-31,
2009-09-01,
2009-09-02,
2009-09-03,
2009-09-04,
2009-09-05,
2009-09-06,
2009-09-07,
2009-09-08,
2009-09-09,
2009-09-10,
2009-09-11,
2009-09-12,
2009-09-13,
2009-09-14,
2009-09-15,
2009-09-16,
2009-09-17,
2009-09-18,
2009-09-19,
2009-09-20,
2009-09-21,
2009-09-22,
2009-09-23,
2009-09-24,
2009-09-25,
2009-09-26,
2009-09-27,
2009-09-28,
2009-09-29,
2009-09-30,
2009-10-01,
2009-10-02,
2009-10-03,
2009-10-04,
2009-10-05,
2009-10-06,
2009-10-07,
2009-10-08,
2009-10-09,
2009-10-10,
2009-10-11,
2009-10-12,
2009-10-13,
2009-10-14,
2009-10-15,
2009-10-16,
2009-10-17,
2009-10-18,
2009-10-19,
2009-10-20,
2009-10-21,
2009-10-22,
2009-10-23,
2009-10-24,
2009-10-25,
2009-10-26,
2009-10-27,
2009-10-28,
2009-10-29,
2009-10-30,
2009-10-31,
2009-11-01,
2009-11-02,
2009-11-03,
2009-11-04,
2009-11-05,
2009-11-06,
2009-11-07,
2009-11-08,
2009-11-09,
2009-11-10,
2009-11-11,
2009-11-12,
2009-11-13,
2009-11-14,
2009-11-15,
2009-11-16,
2009-11-17,
2009-11-18,
2009-11-19,
2009-11-20,
2009-11-21,
2009-11-22,
2009-11-23,
2009-11-24,
2009-11-25,
2009-11-26,
2009-11-27,
2009-11-28,
2009-11-29,
2009-11-30,
2009-12-01,
2009-12-02,
2009-12-03,
2009-12-04,
2009-12-05,
2009-12-06,
2009-12-07,
2009-12-08,
2009-12-09,
2009-12-10,
2009-12-11,
2009-12-12,
2009-12-13,
2009-12-14,
2009-12-15,
2009-12-16,
2009-12-17,
2009-12-18,
2009-12-19,
2009-12-20,
2009-12-21,
2009-12-22,
2009-12-23,
2009-12-24,
2009-12-25,
2009-12-26,
2009-12-27,
2009-12-28,
2009-12-29,
2009-12-30,
2009-12-31,
2010-01-01,
2010-01-02,
2010-01-03,
2010-01-04,
2010-01-05,
2010-01-06,
2010-01-07,
2010-01-08,
2010-01-09,
2010-01-10,
2010-01-11,
2010-01-12,
2010-01-13,
2010-01-14,
2010-01-15,
2010-01-16,
2010-01-17,
2010-01-18,
2010-01-19,
2010-01-20,
2010-01-21,
2010-01-22,
2010-01-23,
2010-01-24,
2010-01-25,
2010-01-26,
2010-01-27,
2010-01-28,
2010-01-29,
2010-01-30,
2010-01-31,
2010-02-01,
2010-02-02,
2010-02-03,
2010-02-04,
2010-02-05,
2010-02-06,
2010-02-07,
2010-02-08,
2010-02-09,
2010-02-10,
2010-02-11,
2010-02-12,
2010-02-13,
2010-02-14,
2010-02-15,
2010-02-16,
2010-02-17,
2010-02-18,
2010-02-19,
2010-02-20,
2010-02-21,
2010-02-22,
2010-02-23,
2010-02-24,
2010-02-25,
2010-02-26,
2010-02-27,
2010-02-28,
2010-03-01,
2010-03-02,
2010-03-03,
2010-03-04,
2010-03-05,
2010-03-06,
2010-03-07,
2010-03-08,
2010-03-09,
2010-03-10,
2010-03-11,
2010-03-12,
2010-03-13,
2010-03-14,
2010-03-15,
2010-03-16,
2010-03-17,
2010-03-18,
2010-03-19,
2010-03-20,
2010-03-21,
2010-03-22,
2010-03-23,
2010-03-24,
2010-03-25,
2010-03-26,
2010-03-27,
2010-03-28,
2010-03-29,
2010-03-30,
2010-03-31,
2010-04-01,
2010-04-02,
2010-04-03,
2010-04-04,
2010-04-05,
2010-04-06,
2010-04-07,
2010-04-08,
2010-04-09,
2010-04-10,
2010-04-11,
2010-04-12,
2010-04-13,
2010-04-14,
2010-04-15,
2010-04-16,
2010-04-17,
2010-04-18,
2010-04-19,
2010-04-20,
2010-04-21,
2010-04-22,
2010-04-23,
2010-04-24,
2010-04-25,
2010-04-26,
2010-04-27,
2010-04-28,
2010-04-29,
2010-04-30,
2010-05-01,
2010-05-02,
2010-05-03,
2010-05-04,
2010-05-05,
2010-05-06,
2010-05-07,
2010-05-08,
2010-05-09,
2010-05-10,
2010-05-11,
2010-05-12,
2010-05-13,
2010-05-14,
2010-05-15,
2010-05-16,
2010-05-17,
2010-05-18,
2010-05-19,
2010-05-20,
2010-05-21,
2010-05-22,
2010-05-23,
2010-05-24,
2010-05-25,
2010-05-26,
2010-05-27,
2010-05-28,
2010-05-29,
2010-05-30,
2010-05-31,
2010-06-01,
2010-06-02,
2010-06-03,
2010-06-04,
2010-06-05,
2010-06-06,
2010-06-07,
2010-06-08,
2010-06-09,
2010-06-10,
2010-06-11,
2010-06-12,
2010-06-13,
2010-06-14,
2010-06-15,
2010-06-16,
2010-06-17,
2010-06-18,
2010-06-19,
2010-06-20,
2010-06-21,
2010-06-22,
2010-06-23,
2010-06-24,
2010-06-25,
2010-06-26,
2010-06-27,
2010-06-28,
2010-06-29,
2010-06-30,
2010-07-01,
2010-07-02,
2010-07-03,
2010-07-04,
2010-07-05,
2010-07-06,
2010-07-07,
2010-07-08,
2010-07-09,
2010-07-10,
2010-07-11,
2010-07-12,
2010-07-13,
2010-07-14,
2010-07-15,
2010-07-16,
2010-07-17,
2010-07-18,
2010-07-19,
2010-07-20,
2010-07-21,
2010-07-22,
2010-07-23,
2010-07-24,
2010-07-25,
2010-07-26,
2010-07-27,
2010-07-28,
2010-07-29,
2010-07-30,
2010-07-31,
2010-08-01,
2010-08-02,
2010-08-03,
2010-08-04,
2010-08-05,
2010-08-06,
2010-08-07,
2010-08-08,
2010-08-09,
2010-08-10,
2010-08-11,
2010-08-12,
2010-08-13,
2010-08-14,
2010-08-15,
2010-08-16,
2010-08-17,
2010-08-18,
2010-08-19,
2010-08-20,
2010-08-21,
2010-08-22,
2010-08-23,
2010-08-24,
2010-08-25,
2010-08-26,
2010-08-27,
2010-08-28,
2010-08-29,
2010-08-30,
2010-08-31,
2010-09-01,
2010-09-02,
2010-09-03,
2010-09-04,
2010-09-05,
2010-09-06,
2010-09-07,
2010-09-08,
2010-09-09,
2010-09-10,
2010-09-11,
2010-09-12,
2010-09-13,
2010-09-14,
2010-09-15,
2010-09-16,
2010-09-17,
2010-09-18,
2010-09-19,
2010-09-20,
2010-09-21,
2010-09-22,
2010-09-23,
2010-09-24,
2010-09-25,
2010-09-26,
2010-09-27,
2010-09-28,
2010-09-29,
2010-09-30,
2010-10-01,
2010-10-02,
2010-10-03,
2010-10-04,
2010-10-05,
2010-10-06,
2010-10-07,
2010-10-08,
2010-10-09,
2010-10-10,
2010-10-11,
2010-10-12,
2010-10-13,
2010-10-14,
2010-10-15,
2010-10-16,
2010-10-17,
2010-10-18,
2010-10-19,
2010-10-20,
2010-10-21,
2010-10-22,
2010-10-23,
2010-10-24,
2010-10-25,
2010-10-26,
2010-10-27,
2010-10-28,
2010-10-29,
2010-10-30,
2010-10-31,
2010-11-01,
2010-11-02,
2010-11-03,
2010-11-04,
2010-11-05,
2010-11-06,
2010-11-07,
2010-11-08,
2010-11-09,
2010-11-10,
2010-11-11,
2010-11-12,
2010-11-13,
2010-11-14,
2010-11-15,
2010-11-16,
2010-11-17,
2010-11-18,
2010-11-19,
2010-11-20,
2010-11-21,
2010-11-22,
2010-11-23,
2010-11-24,
2010-11-25,
2010-11-26,
2010-11-27,
2010-11-28,
2010-11-29,
2010-11-30,
2010-12-01,
2010-12-02,
2010-12-03,
2010-12-04,
2010-12-05,
2010-12-06,
2010-12-07,
2010-12-08,
2010-12-09,
2010-12-10,
2010-12-11,
2010-12-12,
2010-12-13,
2010-12-14,
2010-12-15,
2010-12-16,
2010-12-17,
2010-12-18,
2010-12-19,
2010-12-20,
2010-12-21,
2010-12-22,
2010-12-23,
2010-12-24,
2010-12-25,
2010-12-26,
2010-12-27,
2010-12-28,
2010-12-29,
2010-12-30,
2010-12-31,
2011-01-01,
2011-01-02,
2011-01-03,
2011-01-04,
2011-01-05,
2011-01-06,
2011-01-07,
2011-01-08,
2011-01-09,
2011-01-10,
2011-01-11,
2011-01-12,
2011-01-13,
2011-01-14,
2011-01-15,
2011-01-16,
2011-01-17,
2011-01-18,
2011-01-19,
2011-01-20,
2011-01-21,
2011-01-22,
2011-01-23,
2011-01-24,
2011-01-25,
2011-01-26,
2011-01-27,
2011-01-28,
2011-01-29,
2011-01-30,
2011-01-31,
2011-02-01,
2011-02-02,
2011-02-03,
2011-02-04,
2011-02-05,
2011-02-06,
2011-02-07,
2011-02-08,
2011-02-09,
2011-02-10,
2011-02-11,
2011-02-12,
2011-02-13,
2011-02-14,
2011-02-15,
2011-02-16,
2011-02-17,
2011-02-18,
2011-02-19,
2011-02-20,
2011-02-21,
2011-02-22,
2011-02-23,
2011-02-24,
2011-02-25,
2011-02-26,
2011-02-27,
2011-02-28,
2011-03-01,
2011-03-02,
2011-03-03,
2011-03-04,
2011-03-05,
2011-03-06,
2011-03-07,
2011-03-08,
2011-03-09,
2011-03-10,
2011-03-11,
2011-03-12,
2011-03-13,
2011-03-14,
2011-03-15,
2011-03-16,
2011-03-17,
2011-03-18,
2011-03-19,
2011-03-20,
2011-03-21,
2011-03-22,
2011-03-23,
2011-03-24,
2011-03-25,
2011-03-26,
2011-03-27,
2011-03-28,
2011-03-29,
2011-03-30,
2011-03-31,
2011-04-01,
2011-04-02,
2011-04-03,
2011-04-04,
2011-04-05,
2011-04-06,
2011-04-07,
2011-04-08,
2011-04-09,
2011-04-10,
2011-04-11,
2011-04-12,
2011-04-13,
2011-04-14,
2011-04-15,
2011-04-16,
2011-04-17,
2011-04-18,
2011-04-19,
2011-04-20,
2011-04-21,
2011-04-22,
2011-04-23,
2011-04-24,
2011-04-25,
2011-04-26,
2011-04-27,
2011-04-28,
2011-04-29,
2011-04-30,
2011-05-01,
2011-05-02,
2011-05-03,
2011-05-04,
2011-05-05,
2011-05-06,
2011-05-07,
2011-05-08,
2011-05-09,
2011-05-10,
2011-05-11,
2011-05-12,
2011-05-13,
2011-05-14,
2011-05-15,
2011-05-16,
2011-05-17,
2011-05-18,
2011-05-19,
2011-05-20,
2011-05-21,
2011-05-22,
2011-05-23,
2011-05-24,
2011-05-25,
2011-05-26,
2011-05-27,
2011-05-28,
2011-05-29,
2011-05-30,
2011-05-31,
2011-06-01,
2011-06-02,
2011-06-03,
2011-06-04,
2011-06-05,
2011-06-06,
2011-06-07,
2011-06-08,
2011-06-09,
2011-06-10,
2011-06-11,
2011-06-12,
2011-06-13,
2011-06-14,
2011-06-15,
2011-06-16,
2011-06-17,
2011-06-18,
2011-06-19,
2011-06-20,
2011-06-21,
2011-06-22,
2011-06-23,
2011-06-24,
2011-06-25,
2011-06-26,
2011-06-27,
2011-06-28,
2011-06-29,
2011-06-30,
2011-07-01,
2011-07-02,
2011-07-03,
2011-07-04,
2011-07-05,
2011-07-06,
2011-07-07,
2011-07-08,
2011-07-09,
2011-07-10,
2011-07-11,
2011-07-12,
2011-07-13,
2011-07-14,
2011-07-15,
2011-07-16,
2011-07-17,
2011-07-18,
2011-07-19,
2011-07-20,
2011-07-21,
2011-07-22,
2011-07-23,
2011-07-24,
2011-07-25,
2011-07-26,
2011-07-27,
2011-07-28,
2011-07-29,
2011-07-30,
2011-07-31,
2011-08-01,
2011-08-02,
2011-08-03,
2011-08-04,
2011-08-05,
2011-08-06,
2011-08-07,
2011-08-08,
2011-08-09,
2011-08-10,
2011-08-11,
2011-08-12,
2011-08-13,
2011-08-14,
2011-08-15,
2011-08-16,
2011-08-17,
2011-08-18,
2011-08-19,
2011-08-20,
2011-08-21,
2011-08-22,
2011-08-23,
2011-08-24,
2011-08-25,
2011-08-26,
2011-08-27,
2011-08-28,
2011-08-29,
2011-08-30,
2011-08-31,
2011-09-01,
2011-09-02,
2011-09-03,
2011-09-04,
2011-09-05,
2011-09-06,
2011-09-07,
2011-09-08,
2011-09-09,
2011-09-10,
2011-09-11,
2011-09-12,
2011-09-13,
2011-09-14,
2011-09-15,
2011-09-16,
2011-09-17,
2011-09-18,
2011-09-19,
2011-09-20,
2011-09-21,
2011-09-22,
2011-09-23,
2011-09-24,
2011-09-25,
2011-09-26,
2011-09-27,
2011-09-28,
2011-09-29,
2011-09-30,
2011-10-01,
2011-10-02,
2011-10-03,
2011-10-04,
2011-10-05,
2011-10-06,
2011-10-07,
2011-10-08,
2011-10-09,
2011-10-10,
2011-10-11,
2011-10-12,
2011-10-13,
2011-10-14,
2011-10-15,
2011-10-16,
2011-10-17,
2011-10-18,
2011-10-19,
2011-10-20,
2011-10-21,
2011-10-22,
2011-10-23,
2011-10-24,
2011-10-25,
2011-10-26,
2011-10-27,
2011-10-28,
2011-10-29,
2011-10-30,
2011-10-31,
2011-11-01,
2011-11-02,
2011-11-03,
2011-11-04,
2011-11-05,
2011-11-06,
2011-11-07,
2011-11-08,
2011-11-09,
2011-11-10,
2011-11-11,
2011-11-12,
2011-11-13,
2011-11-14,
2011-11-15,
2011-11-16,
2011-11-17,
2011-11-18,
2011-11-19,
2011-11-20,
2011-11-21,
2011-11-22,
2011-11-23,
2011-11-24,
2011-11-25,
2011-11-26,
2011-11-27,
2011-11-28,
2011-11-29,
2011-11-30,
2011-12-01,
2011-12-02,
2011-12-03,
2011-12-04,
2011-12-05,
2011-12-06,
2011-12-07,
2011-12-08,
2011-12-09,
2011-12-10,
2011-12-11,
2011-12-12,
2011-12-13,
2011-12-14,
2011-12-15,
2011-12-16,
2011-12-17,
2011-12-18,
2011-12-19,
2011-12-20,
2011-12-21,
2011-12-22,
2011-12-23,
2011-12-24,
2011-12-25,
2011-12-26,
2011-12-27,
2011-12-28,
2011-12-29,
2011-12-30,
2011-12-31,
2012-01-01,
2012-01-02,
2012-01-03,
2012-01-04,
2012-01-05,
2012-01-06,
2012-01-07,
2012-01-08,
2012-01-09,
2012-01-10,
2012-01-11,
2012-01-12,
2012-01-13,
2012-01-14,
2012-01-15,
2012-01-16,
2012-01-17,
2012-01-18,
2012-01-19,
2012-01-20,
2012-01-21,
2012-01-22,
2012-01-23,
2012-01-24,
2012-01-25,
2012-01-26,
2012-01-27,
2012-01-28,
2012-01-29,
2012-01-30,
2012-01-31,
2012-02-01,
2012-02-02,
2012-02-03,
2012-02-04,
2012-02-05,
2012-02-06,
2012-02-07,
2012-02-08,
2012-02-09,
2012-02-10,
2012-02-11,
2012-02-12,
2012-02-13,
2012-02-14,
2012-02-15,
2012-02-16,
2012-02-17,
2012-02-18,
2012-02-19,
2012-02-20,
2012-02-21,
2012-02-22,
2012-02-23,
2012-02-24,
2012-02-25,
2012-02-26,
2012-02-27,
2012-02-28,
2012-02-29,
2012-03-01,
2012-03-02,
2012-03-03,
2012-03-04,
2012-03-05,
2012-03-06,
2012-03-07,
2012-03-08,
2012-03-09,
2012-03-10,
2012-03-11,
2012-03-12,
2012-03-13,
2012-03-14,
2012-03-15,
2012-03-16,
2012-03-17,
2012-03-18,
2012-03-19,
2012-03-20,
2012-03-21,
2012-03-22,
2012-03-23,
2012-03-24,
2012-03-25,
2012-03-26,
2012-03-27,
2012-03-28,
2012-03-29,
2012-03-30,
2012-03-31,
2012-04-01,
2012-04-02,
2012-04-03,
2012-04-04,
2012-04-05,
2012-04-06,
2012-04-07,
2012-04-08,
2012-04-09,
2012-04-10,
2012-04-11,
2012-04-12,
2012-04-13,
2012-04-14,
2012-04-15,
2012-04-16,
2012-04-17,
2012-04-18,
2012-04-19,
2012-04-20,
2012-04-21,
2012-04-22,
2012-04-23,
2012-04-24,
2012-04-25,
2012-04-26,
2012-04-27,
2012-04-28,
2012-04-29,
2012-04-30,
2012-05-01,
2012-05-02,
2012-05-03,
2012-05-04,
2012-05-05,
2012-05-06,
2012-05-07,
2012-05-08,
2012-05-09,
2012-05-10,
2012-05-11,
2012-05-12,
2012-05-13,
2012-05-14,
2012-05-15,
2012-05-16,
2012-05-17,
2012-05-18,
2012-05-19,
2012-05-20,
2012-05-21,
2012-05-22,
2012-05-23,
2012-05-24,
2012-05-25,
2012-05-26,
2012-05-27,
2012-05-28,
2012-05-29,
2012-05-30,
2012-05-31,
2012-06-01,
2012-06-02,
2012-06-03,
2012-06-04,
2012-06-05,
2012-06-06,
2012-06-07,
2012-06-08,
2012-06-09,
2012-06-10,
2012-06-11,
2012-06-12,
2012-06-13,
2012-06-14,
2012-06-15,
2012-06-16,
2012-06-17,
2012-06-18,
2012-06-19,
2012-06-20,
2012-06-21,
2012-06-22,
2012-06-23,
2012-06-24,
2012-06-25,
2012-06-26,
2012-06-27,
2012-06-28,
2012-06-29,
2012-06-30,
2012-07-01,
2012-07-02,
2012-07-03,
2012-07-04,
2012-07-05,
2012-07-06,
2012-07-07,
2012-07-08,
2012-07-09,
2012-07-10,
2012-07-11,
2012-07-12,
2012-07-13,
2012-07-14,
2012-07-15,
2012-07-16,
2012-07-17,
2012-07-18,
2012-07-19,
2012-07-20,
2012-07-21,
2012-07-22,
2012-07-23,
2012-07-24,
2012-07-25,
2012-07-26,
2012-07-27,
2012-07-28,
2012-07-29,
2012-07-30,
2012-07-31,
2012-08-01,
2012-08-02,
2012-08-03,
2012-08-04,
2012-08-05,
2012-08-06,
2012-08-07,
2012-08-08,
2012-08-09,
2012-08-10,
2012-08-11,
2012-08-12,
2012-08-13,
2012-08-14,
2012-08-15,
2012-08-16,
2012-08-17,
2012-08-18,
2012-08-19,
2012-08-20,
2012-08-21,
2012-08-22,
2012-08-23,
2012-08-24,
2012-08-25,
2012-08-26,
2012-08-27,
2012-08-28,
2012-08-29,
2012-08-30,
2012-08-31,
2012-09-01,
2012-09-02,
2012-09-03,
2012-09-04,
2012-09-05,
2012-09-06,
2012-09-07,
2012-09-08,
2012-09-09,
2012-09-10,
2012-09-11,
2012-09-12,
2012-09-13,
2012-09-14,
2012-09-15,
2012-09-16,
2012-09-17,
2012-09-18,
2012-09-19,
2012-09-20,
2012-09-21,
2012-09-22,
2012-09-23,
2012-09-24,
2012-09-25,
2012-09-26,
2012-09-27,
2012-09-28,
2012-09-29,
2012-09-30,
2012-10-01,
2012-10-02,
2012-10-03,
2012-10-04,
2012-10-05,
2012-10-06,
2012-10-07,
2012-10-08,
2012-10-09,
2012-10-10,
2012-10-11,
2012-10-12,
2012-10-13,
2012-10-14,
2012-10-15,
2012-10-16,
2012-10-17,
2012-10-18,
2012-10-19,
2012-10-20,
2012-10-21,
2012-10-22,
2012-10-23,
2012-10-24,
2012-10-25,
2012-10-26,
2012-10-27,
2012-10-28,
2012-10-29,
2012-10-30,
2012-10-31,
2012-11-01,
2012-11-02,
2012-11-03,
2012-11-04,
2012-11-05,
2012-11-06,
2012-11-07,
2012-11-08,
2012-11-09,
2012-11-10,
2012-11-11,
2012-11-12,
2012-11-13,
2012-11-14,
2012-11-15,
2012-11-16,
2012-11-17,
2012-11-18,
2012-11-19,
2012-11-20,
2012-11-21,
2012-11-22,
2012-11-23,
2012-11-24,
2012-11-25,
2012-11-26,
2012-11-27,
2012-11-28,
2012-11-29,
2012-11-30,
2012-12-01,
2012-12-02,
2012-12-03,
2012-12-04,
2012-12-05,
2012-12-06,
2012-12-07,
2012-12-08,
2012-12-09,
2012-12-10,
2012-12-11,
2012-12-12,
2012-12-13,
2012-12-14,
2012-12-15,
2012-12-16,
2012-12-17,
2012-12-18,
2012-12-19,
2012-12-20,
2012-12-21,
2012-12-22,
2012-12-23,
2012-12-24,
2012-12-25,
2012-12-26,
2012-12-27,
2012-12-28,
2012-12-29,
2012-12-30,
2012-12-31,
2013-01-01,
2013-01-02,
2013-01-03,
2013-01-04,
2013-01-05,
2013-01-06,
2013-01-07,
2013-01-08,
2013-01-09,
2013-01-10,
2013-01-11,
2013-01-12,
2013-01-13,
2013-01-14,
2013-01-15,
2013-01-16,
2013-01-17,
2013-01-18,
2013-01-19,
2013-01-20,
2013-01-21,
2013-01-22,
2013-01-23,
2013-01-24,
2013-01-25,
2013-01-26,
2013-01-27,
2013-01-28,
2013-01-29,
2013-01-30,
2013-01-31,
2013-02-01,
2013-02-02,
2013-02-03,
2013-02-04,
2013-02-05,
2013-02-06,
2013-02-07,
2013-02-08,
2013-02-09,
2013-02-10,
2013-02-11,
2013-02-12,
2013-02-13,
2013-02-14,
2013-02-15,
2013-02-16,
2013-02-17,
2013-02-18,
2013-02-19,
2013-02-20,
2013-02-21,
2013-02-22,
2013-02-23,
2013-02-24,
2013-02-25,
2013-02-26,
2013-02-27,
2013-02-28,
2013-03-01,
2013-03-02,
2013-03-03,
2013-03-04,
2013-03-05,
2013-03-06,
2013-03-07,
2013-03-08,
2013-03-09,
2013-03-10,
2013-03-11,
2013-03-12,
2013-03-13,
2013-03-14,
2013-03-15,
2013-03-16,
2013-03-17,
2013-03-18,
2013-03-19,
2013-03-20,
2013-03-21,
2013-03-22,
2013-03-23,
2013-03-24,
2013-03-25,
2013-03-26,
2013-03-27,
2013-03-28,
2013-03-29,
2013-03-30,
2013-03-31,
2013-04-01,
2013-04-02,
2013-04-03,
2013-04-04,
2013-04-05,
2013-04-06,
2013-04-07,
2013-04-08,
2013-04-09,
2013-04-10,
2013-04-11,
2013-04-12,
2013-04-13,
2013-04-14,
2013-04-15,
2013-04-16,
2013-04-17,
2013-04-18,
2013-04-19,
2013-04-20,
2013-04-21,
2013-04-22,
2013-04-23,
2013-04-24,
2013-04-25,
2013-04-26,
2013-04-27,
2013-04-28,
2013-04-29,
2013-04-30,
2013-05-01,
2013-05-02,
2013-05-03,
2013-05-04,
2013-05-05,
2013-05-06,
2013-05-07,
2013-05-08,
2013-05-09,
2013-05-10,
2013-05-11,
2013-05-12,
2013-05-13,
2013-05-14,
2013-05-15,
2013-05-16,
2013-05-17,
2013-05-18,
2013-05-19,
2013-05-20,
2013-05-21,
2013-05-22,
2013-05-23,
2013-05-24,
2013-05-25,
2013-05-26,
2013-05-27,
2013-05-28,
2013-05-29,
2013-05-30,
2013-05-31,
2013-06-01,
2013-06-02,
2013-06-03,
2013-06-04,
2013-06-05,
2013-06-06,
2013-06-07,
2013-06-08,
2013-06-09,
2013-06-10,
2013-06-11,
2013-06-12,
2013-06-13,
2013-06-14,
2013-06-15,
2013-06-16,
2013-06-17,
2013-06-18,
2013-06-19,
2013-06-20,
2013-06-21,
2013-06-22,
2013-06-23,
2013-06-24,
2013-06-25,
2013-06-26,
2013-06-27,
2013-06-28,
2013-06-29,
2013-06-30,
2013-07-01,
2013-07-02,
2013-07-03,
2013-07-04,
2013-07-05,
2013-07-06,
2013-07-07,
2013-07-08,
2013-07-09,
2013-07-10,
2013-07-11,
2013-07-12,
2013-07-13,
2013-07-14,
2013-07-15,
2013-07-16,
2013-07-17,
2013-07-18,
2013-07-19,
2013-07-20,
2013-07-21,
2013-07-22,
2013-07-23,
2013-07-24,
2013-07-25,
2013-07-26,
2013-07-27,
2013-07-28,
2013-07-29,
2013-07-30,
2013-07-31,
2013-08-01,
2013-08-02,
2013-08-03,
2013-08-04,
2013-08-05,
2013-08-06,
2013-08-07,
2013-08-08,
2013-08-09,
2013-08-10,
2013-08-11,
2013-08-12,
2013-08-13,
2013-08-14,
2013-08-15,
2013-08-16,
2013-08-17,
2013-08-18,
2013-08-19,
2013-08-20,
2013-08-21,
2013-08-22,
2013-08-23,
2013-08-24,
2013-08-25,
2013-08-26,
2013-08-27,
2013-08-28,
2013-08-29,
2013-08-30,
2013-08-31,
2013-09-01,
2013-09-02,
2013-09-03,
2013-09-04,
2013-09-05,
2013-09-06,
2013-09-07,
2013-09-08,
2013-09-09,
2013-09-10,
2013-09-11,
2013-09-12,
2013-09-13,
2013-09-14,
2013-09-15,
2013-09-16,
2013-09-17,
2013-09-18,
2013-09-19,
2013-09-20,
2013-09-21,
2013-09-22,
2013-09-23,
2013-09-24,
2013-09-25,
2013-09-26,
2013-09-27,
2013-09-28,
2013-09-29,
2013-09-30,
2013-10-01,
2013-10-02,
2013-10-03,
2013-10-04,
2013-10-05,
2013-10-06,
2013-10-07,
2013-10-08,
2013-10-09,
2013-10-10,
2013-10-11,
2013-10-12,
2013-10-13,
2013-10-14,
2013-10-15,
2013-10-16,
2013-10-17,
2013-10-18,
2013-10-19,
2013-10-20,
2013-10-21,
2013-10-22,
2013-10-23,
2013-10-24,
2013-10-25,
2013-10-26,
2013-10-27,
2013-10-28,
2013-10-29,
2013-10-30,
2013-10-31,
2013-11-01,
2013-11-02,
2013-11-03,
2013-11-04,
2013-11-05,
2013-11-06,
2013-11-07,
2013-11-08,
2013-11-09,
2013-11-10,
2013-11-11,
2013-11-12,
2013-11-13,
2013-11-14,
2013-11-15,
2013-11-16,
2013-11-17,
2013-11-18,
2013-11-19,
2013-11-20,
2013-11-21,
2013-11-22,
2013-11-23,
2013-11-24,
2013-11-25,
2013-11-26,
2013-11-27,
2013-11-28,
2013-11-29,
2013-11-30,
2013-12-01,
2013-12-02,
2013-12-03,
2013-12-04,
2013-12-05,
2013-12-06,
2013-12-07,
2013-12-08,
2013-12-09,
2013-12-10,
2013-12-11,
2013-12-12,
2013-12-13,
2013-12-14,
2013-12-15,
2013-12-16,
2013-12-17,
2013-12-18,
2013-12-19,
2013-12-20,
2013-12-21,
2013-12-22,
2013-12-23,
2013-12-24,
2013-12-25,
2013-12-26,
2013-12-27,
2013-12-28,
2013-12-29,
2013-12-30,
2013-12-31,
2014-01-01,
2014-01-02,
2014-01-03,
2014-01-04,
2014-01-05,
2014-01-06,
2014-01-07,
2014-01-08,
2014-01-09,
2014-01-10,
2014-01-11,
2014-01-12,
2014-01-13,
2014-01-14,
2014-01-15,
2014-01-16,
2014-01-17,
2014-01-18,
2014-01-19,
2014-01-20,
2014-01-21,
2014-01-22,
2014-01-23,
2014-01-24,
2014-01-25,
2014-01-26,
2014-01-27,
2014-01-28,
2014-01-29,
2014-01-30,
2014-01-31,
2014-02-01,
2014-02-02,
2014-02-03,
2014-02-04,
2014-02-05,
2014-02-06,
2014-02-07,
2014-02-08,
2014-02-09,
2014-02-10,
2014-02-11,
2014-02-12,
2014-02-13,
2014-02-14,
2014-02-15,
2014-02-16,
2014-02-17,
2014-02-18,
2014-02-19,
2014-02-20,
2014-02-21,
2014-02-22,
2014-02-23,
2014-02-24,
2014-02-25,
2014-02-26,
2014-02-27,
2014-02-28,
2014-03-01,
2014-03-02,
2014-03-03,
2014-03-04,
2014-03-05,
2014-03-06,
2014-03-07,
2014-03-08,
2014-03-09,
2014-03-10,
2014-03-11,
2014-03-12,
2014-03-13,
2014-03-14,
2014-03-15,
2014-03-16,
2014-03-17,
2014-03-18,
2014-03-19,
2014-03-20,
2014-03-21,
2014-03-22,
2014-03-23,
2014-03-24,
2014-03-25,
2014-03-26,
2014-03-27,
2014-03-28,
2014-03-29,
2014-03-30,
2014-03-31,
2014-04-01,
2014-04-02,
2014-04-03,
2014-04-04,
2014-04-05,
2014-04-06,
2014-04-07,
2014-04-08,
2014-04-09,
2014-04-10,
2014-04-11,
2014-04-12,
2014-04-13,
2014-04-14,
2014-04-15,
2014-04-16,
2014-04-17,
2014-04-18,
2014-04-19,
2014-04-20,
2014-04-21,
2014-04-22,
2014-04-23,
2014-04-24,
2014-04-25,
2014-04-26,
2014-04-27,
2014-04-28,
2014-04-29,
2014-04-30,
2014-05-01,
2014-05-02,
2014-05-03,
2014-05-04,
2014-05-05,
2014-05-06,
2014-05-07,
2014-05-08,
2014-05-09,
2014-05-10,
2014-05-11,
2014-05-12,
2014-05-13,
2014-05-14,
2014-05-15,
2014-05-16,
2014-05-17,
2014-05-18,
2014-05-19,
2014-05-20,
2014-05-21,
2014-05-22,
2014-05-23,
2014-05-24,
2014-05-25,
2014-05-26,
2014-05-27,
2014-05-28,
2014-05-29,
2014-05-30,
2014-05-31,
2014-06-01,
2014-06-02,
2014-06-03,
2014-06-04,
2014-06-05,
2014-06-06,
2014-06-07,
2014-06-08,
2014-06-09,
2014-06-10,
2014-06-11,
2014-06-12,
2014-06-13,
2014-06-14,
2014-06-15,
2014-06-16,
2014-06-17,
2014-06-18,
2014-06-19,
2014-06-20,
2014-06-21,
2014-06-22,
2014-06-23,
2014-06-24,
2014-06-25,
2014-06-26,
2014-06-27,
2014-06-28,
2014-06-29,
2014-06-30,
2014-07-01,
2014-07-02,
2014-07-03,
2014-07-04,
2014-07-05,
2014-07-06,
2014-07-07,
2014-07-08,
2014-07-09,
2014-07-10,
2014-07-11,
2014-07-12,
2014-07-13,
2014-07-14,
2014-07-15,
2014-07-16,
2014-07-17,
2014-07-18,
2014-07-19,
2014-07-20,
2014-07-21,
2014-07-22,
2014-07-23,
2014-07-24,
2014-07-25,
2014-07-26,
2014-07-27,
2014-07-28,
2014-07-29,
2014-07-30,
2014-07-31,
2014-08-01,
2014-08-02,
2014-08-03,
2014-08-04,
2014-08-05,
2014-08-06,
2014-08-07,
2014-08-08,
2014-08-09,
2014-08-10,
2014-08-11,
2014-08-12,
2014-08-13,
2014-08-14,
2014-08-15,
2014-08-16,
2014-08-17,
2014-08-18,
2014-08-19,
2014-08-20,
2014-08-21,
2014-08-22,
2014-08-23,
2014-08-24,
2014-08-25,
2014-08-26,
2014-08-27,
2014-08-28,
2014-08-29,
2014-08-30,
2014-08-31,
2014-09-01,
2014-09-02,
2014-09-03,
2014-09-04,
2014-09-05,
2014-09-06,
2014-09-07,
2014-09-08,
2014-09-09,
2014-09-10,
2014-09-11,
2014-09-12,
2014-09-13,
2014-09-14,
2014-09-15,
2014-09-16,
2014-09-17,
2014-09-18,
2014-09-19,
2014-09-20,
2014-09-21,
2014-09-22,
2014-09-23,
2014-09-24,
2014-09-25,
2014-09-26,
2014-09-27,
2014-09-28,
2014-09-29,
2014-09-30,
2014-10-01,
2014-10-02,
2014-10-03,
2014-10-04,
2014-10-05,
2014-10-06,
2014-10-07,
2014-10-08,
2014-10-09,
2014-10-10,
2014-10-11,
2014-10-12,
2014-10-13,
2014-10-14,
2014-10-15,
2014-10-16,
2014-10-17,
2014-10-18,
2014-10-19,
2014-10-20,
2014-10-21,
2014-10-22,
2014-10-23,
2014-10-24,
2014-10-25,
2014-10-26,
2014-10-27,
2014-10-28,
2014-10-29,
2014-10-30,
2014-10-31,
2014-11-01,
2014-11-02,
2014-11-03,
2014-11-04,
2014-11-05,
2014-11-06,
2014-11-07,
2014-11-08,
2014-11-09,
2014-11-10,
2014-11-11,
2014-11-12,
2014-11-13,
2014-11-14,
2014-11-15,
2014-11-16,
2014-11-17,
2014-11-18,
2014-11-19,
2014-11-20,
2014-11-21,
2014-11-22,
2014-11-23,
2014-11-24,
2014-11-25,
2014-11-26,
2014-11-27,
2014-11-28,
2014-11-29,
2014-11-30,
2014-12-01,
2014-12-02,
2014-12-03,
2014-12-04,
2014-12-05,
2014-12-06,
2014-12-07,
2014-12-08,
2014-12-09,
2014-12-10,
2014-12-11,
2014-12-12,
2014-12-13,
2014-12-14,
2014-12-15,
2014-12-16,
2014-12-17,
2014-12-18,
2014-12-19,
2014-12-20,
2014-12-21,
2014-12-22,
2014-12-23,
2014-12-24,
2014-12-25,
2014-12-26,
2014-12-27,
2014-12-28,
2014-12-29,
2014-12-30,
2014-12-31,
2015-01-01,
2015-01-02,
2015-01-03,
2015-01-04,
2015-01-05,
2015-01-06,
2015-01-07,
2015-01-08,
2015-01-09,
2015-01-10,
2015-01-11,
2015-01-12,
2015-01-13,
2015-01-14,
2015-01-15,
2015-01-16,
2015-01-17,
2015-01-18,
2015-01-19,
2015-01-20,
2015-01-21,
2015-01-22,
2015-01-23,
2015-01-24,
2015-01-25,
2015-01-26,
2015-01-27,
2015-01-28,
2015-01-29,
2015-01-30,
2015-01-31,
2015-02-01,
2015-02-02,
2015-02-03,
2015-02-04,
2015-02-05,
2015-02-06,
2015-02-07,
2015-02-08,
2015-02-09,
2015-02-10,
2015-02-11,
2015-02-12,
2015-02-13,
2015-02-14,
2015-02-15,
2015-02-16,
2015-02-17,
2015-02-18,
2015-02-19,
2015-02-20,
2015-02-21,
2015-02-22,
2015-02-23,
2015-02-24,
2015-02-25,
2015-02-26,
2015-02-27,
2015-02-28,
2015-03-01,
2015-03-02,
2015-03-03,
2015-03-04,
2015-03-05,
2015-03-06,
2015-03-07,
2015-03-08,
2015-03-09,
2015-03-10,
2015-03-11,
2015-03-12,
2015-03-13,
2015-03-14,
2015-03-15,
2015-03-16,
2015-03-17,
2015-03-18,
2015-03-19,
2015-03-20,
2015-03-21,
2015-03-22,
2015-03-23,
2015-03-24,
2015-03-25,
2015-03-26,
2015-03-27,
2015-03-28,
2015-03-29,
2015-03-30,
2015-03-31,
2015-04-01,
2015-04-02,
2015-04-03,
2015-04-04,
2015-04-05,
2015-04-06,
2015-04-07,
2015-04-08,
2015-04-09,
2015-04-10,
2015-04-11,
2015-04-12,
2015-04-13,
2015-04-14,
2015-04-15,
2015-04-16,
2015-04-17,
2015-04-18,
2015-04-19,
2015-04-20,
2015-04-21,
2015-04-22,
2015-04-23,
2015-04-24,
2015-04-25,
2015-04-26,
2015-04-27,
2015-04-28,
2015-04-29,
2015-04-30,
2015-05-01,
2015-05-02,
2015-05-03,
2015-05-04,
2015-05-05,
2015-05-06,
2015-05-07,
2015-05-08,
2015-05-09,
2015-05-10,
2015-05-11,
2015-05-12,
2015-05-13,
2015-05-14,
2015-05-15,
2015-05-16,
2015-05-17,
2015-05-18,
2015-05-19,
2015-05-20,
2015-05-21,
2015-05-22,
2015-05-23,
2015-05-24,
2015-05-25,
2015-05-26,
2015-05-27,
2015-05-28,
2015-05-29,
2015-05-30,
2015-05-31,
2015-06-01,
2015-06-02,
2015-06-03,
2015-06-04,
2015-06-05,
2015-06-06,
2015-06-07,
2015-06-08,
2015-06-09,
2015-06-10,
2015-06-11,
2015-06-12,
2015-06-13,
2015-06-14,
2015-06-15,
2015-06-16,
2015-06-17,
2015-06-18,
2015-06-19,
2015-06-20,
2015-06-21,
2015-06-22,
2015-06-23,
2015-06-24,
2015-06-25,
2015-06-26,
2015-06-27,
2015-06-28,
2015-06-29,
2015-06-30,
2015-07-01,
2015-07-02,
2015-07-03,
2015-07-04,
2015-07-05,
2015-07-06,
2015-07-07,
2015-07-08,
2015-07-09,
2015-07-10,
2015-07-11,
2015-07-12,
2015-07-13,
2015-07-14,
2015-07-15,
2015-07-16,
2015-07-17,
2015-07-18,
2015-07-19,
2015-07-20,
2015-07-21,
2015-07-22,
2015-07-23,
2015-07-24,
2015-07-25,
2015-07-26,
2015-07-27,
2015-07-28,
2015-07-29,
2015-07-30,
2015-07-31,
2015-08-01,
2015-08-02,
2015-08-03,
2015-08-04,
2015-08-05,
2015-08-06,
2015-08-07,
2015-08-08,
2015-08-09,
2015-08-10,
2015-08-11,
2015-08-12,
2015-08-13,
2015-08-14,
2015-08-15,
2015-08-16,
2015-08-17,
2015-08-18,
2015-08-19,
2015-08-20,
2015-08-21,
2015-08-22,
2015-08-23,
2015-08-24,
2015-08-25,
2015-08-26,
2015-08-27,
2015-08-28,
2015-08-29,
2015-08-30,
2015-08-31,
2015-09-01,
2015-09-02,
2015-09-03,
2015-09-04,
2015-09-05,
2015-09-06,
2015-09-07,
2015-09-08,
2015-09-09,
2015-09-10,
2015-09-11,
2015-09-12,
2015-09-13,
2015-09-14,
2015-09-15,
2015-09-16,
2015-09-17,
2015-09-18,
2015-09-19,
2015-09-20,
2015-09-21,
2015-09-22,
2015-09-23,
2015-09-24,
2015-09-25,
2015-09-26,
2015-09-27,
2015-09-28,
2015-09-29,
2015-09-30,
2015-10-01,
2015-10-02,
2015-10-03,
2015-10-04,
2015-10-05,
2015-10-06,
2015-10-07,
2015-10-08,
2015-10-09,
2015-10-10,
2015-10-11,
2015-10-12,
2015-10-13,
2015-10-14,
2015-10-15,
2015-10-16,
2015-10-17,
2015-10-18,
2015-10-19,
2015-10-20,
2015-10-21,
2015-10-22,
2015-10-23,
2015-10-24,
2015-10-25,
2015-10-26,
2015-10-27,
2015-10-28,
2015-10-29,
2015-10-30,
2015-10-31,
2015-11-01,
2015-11-02,
2015-11-03,
2015-11-04,
2015-11-05,
2015-11-06,
2015-11-07,
2015-11-08,
2015-11-09,
2015-11-10,
2015-11-11,
2015-11-12,
2015-11-13,
2015-11-14,
2015-11-15,
2015-11-16,
2015-11-17,
2015-11-18,
2015-11-19,
2015-11-20,
2015-11-21,
2015-11-22,
2015-11-23,
2015-11-24,
2015-11-25,
2015-11-26,
2015-11-27,
2015-11-28,
2015-11-29,
2015-11-30,
2015-12-01,
2015-12-02,
2015-12-03,
2015-12-04,
2015-12-05,
2015-12-06,
2015-12-07,
2015-12-08,
2015-12-09,
2015-12-10,
2015-12-11,
2015-12-12,
2015-12-13,
2015-12-14,
2015-12-15,
2015-12-16,
2015-12-17,
2015-12-18,
2015-12-19,
2015-12-20,
2015-12-21,
2015-12-22,
2015-12-23,
2015-12-24,
2015-12-25,
2015-12-26,
2015-12-27,
2015-12-28,
2015-12-29,
2015-12-30,
2015-12-31,
2016-01-01,
2016-01-02,
2016-01-03,
2016-01-04,
2016-01-05,
2016-01-06,
2016-01-07,
2016-01-08,
2016-01-09,
2016-01-10,
2016-01-11,
2016-01-12,
2016-01-13,
2016-01-14,
2016-01-15,
2016-01-16,
2016-01-17,
2016-01-18,
2016-01-19,
2016-01-20,
2016-01-21,
2016-01-22,
2016-01-23,
2016-01-24,
2016-01-25,
2016-01-26,
2016-01-27,
2016-01-28,
2016-01-29,
2016-01-30,
2016-01-31,
2016-02-01,
2016-02-02,
2016-02-03,
2016-02-04,
2016-02-05,
2016-02-06,
2016-02-07,
2016-02-08,
2016-02-09,
2016-02-10,
2016-02-11,
2016-02-12,
2016-02-13,
2016-02-14,
2016-02-15,
2016-02-16,
2016-02-17,
2016-02-18,
2016-02-19,
2016-02-20,
2016-02-21,
2016-02-22,
2016-02-23,
2016-02-24,
2016-02-25,
2016-02-26,
2016-02-27,
2016-02-28,
2016-02-29,
2016-03-01,
2016-03-02,
2016-03-03,
2016-03-04,
2016-03-05,
2016-03-06,
2016-03-07,
2016-03-08,
2016-03-09,
2016-03-10,
2016-03-11,
2016-03-12,
2016-03-13,
2016-03-14,
2016-03-15,
2016-03-16,
2016-03-17,
2016-03-18,
2016-03-19,
2016-03-20,
2016-03-21,
2016-03-22,
2016-03-23,
2016-03-24,
2016-03-25,
2016-03-26,
2016-03-27,
2016-03-28,
2016-03-29,
2016-03-30,
2016-03-31,
2016-04-01,
2016-04-02,
2016-04-03,
2016-04-04,
2016-04-05,
2016-04-06,
2016-04-07,
2016-04-08,
2016-04-09,
2016-04-10,
2016-04-11,
2016-04-12,
2016-04-13,
2016-04-14,
2016-04-15,
2016-04-16,
2016-04-17,
2016-04-18,
2016-04-19,
2016-04-20,
2016-04-21,
2016-04-22,
2016-04-23,
2016-04-24,
2016-04-25,
2016-04-26,
2016-04-27,
2016-04-28,
2016-04-29,
2016-04-30,
2016-05-01,
2016-05-02,
2016-05-03,
2016-05-04,
2016-05-05,
2016-05-06,
2016-05-07,
2016-05-08,
2016-05-09,
2016-05-10,
2016-05-11,
2016-05-12,
2016-05-13,
2016-05-14,
2016-05-15,
2016-05-16,
2016-05-17,
2016-05-18,
2016-05-19,
2016-05-20,
2016-05-21,
2016-05-22,
2016-05-23,
2016-05-24,
2016-05-25,
2016-05-26,
2016-05-27,
2016-05-28,
2016-05-29,
2016-05-30,
2016-05-31,
2016-06-01,
2016-06-02,
2016-06-03,
2016-06-04,
2016-06-05,
2016-06-06,
2016-06-07,
2016-06-08,
2016-06-09,
2016-06-10,
2016-06-11,
2016-06-12,
2016-06-13,
2016-06-14,
2016-06-15,
2016-06-16,
2016-06-17,
2016-06-18,
2016-06-19,
2016-06-20,
2016-06-21,
2016-06-22,
2016-06-23,
2016-06-24,
2016-06-25,
2016-06-26,
2016-06-27,
2016-06-28,
2016-06-29,
2016-06-30,
2016-07-01,
2016-07-02,
2016-07-03,
2016-07-04,
2016-07-05,
2016-07-06,
2016-07-07,
2016-07-08,
2016-07-09,
2016-07-10,
2016-07-11,
2016-07-12,
2016-07-13,
2016-07-14,
2016-07-15,
2016-07-16,
2016-07-17,
2016-07-18,
2016-07-19,
2016-07-20,
2016-07-21,
2016-07-22,
2016-07-23,
2016-07-24,
2016-07-25,
2016-07-26,
2016-07-27,
2016-07-28,
2016-07-29,
2016-07-30,
2016-07-31,
2016-08-01,
2016-08-02,
2016-08-03,
2016-08-04,
2016-08-05,
2016-08-06,
2016-08-07,
2016-08-08,
2016-08-09,
2016-08-10,
2016-08-11,
2016-08-12,
2016-08-13,
2016-08-14,
2016-08-15,
2016-08-16,
2016-08-17,
2016-08-18,
2016-08-19,
2016-08-20,
2016-08-21,
2016-08-22,
2016-08-23,
2016-08-24,
2016-08-25,
2016-08-26,
2016-08-27,
2016-08-28,
2016-08-29,
2016-08-30,
2016-08-31,
2016-09-01,
2016-09-02,
2016-09-03,
2016-09-04,
2016-09-05,
2016-09-06,
2016-09-07,
2016-09-08,
2016-09-09,
2016-09-10,
2016-09-11,
2016-09-12,
2016-09-13,
2016-09-14,
2016-09-15,
2016-09-16,
2016-09-17,
2016-09-18,
2016-09-19,
2016-09-20,
2016-09-21,
2016-09-22,
2016-09-23,
2016-09-24,
2016-09-25,
2016-09-26,
2016-09-27,
2016-09-28,
2016-09-29,
2016-09-30,
2016-10-01,
2016-10-02,
2016-10-03,
2016-10-04,
2016-10-05,
2016-10-06,
2016-10-07,
2016-10-08,
2016-10-09,
2016-10-10,
2016-10-11,
2016-10-12,
2016-10-13,
2016-10-14,
2016-10-15,
2016-10-16,
2016-10-17,
2016-10-18,
2016-10-19,
2016-10-20,
2016-10-21,
2016-10-22,
2016-10-23,
2016-10-24,
2016-10-25,
2016-10-26,
2016-10-27,
2016-10-28,
2016-10-29,
2016-10-30,
2016-10-31,
2016-11-01,
2016-11-02,
2016-11-03,
2016-11-04,
2016-11-05,
2016-11-06,
2016-11-07,
2016-11-08,
2016-11-09,
2016-11-10,
2016-11-11,
2016-11-12,
2016-11-13,
2016-11-14,
2016-11-15,
2016-11-16,
2016-11-17,
2016-11-18,
2016-11-19,
2016-11-20,
2016-11-21,
2016-11-22,
2016-11-23,
2016-11-24,
2016-11-25,
2016-11-26,
2016-11-27,
2016-11-28,
2016-11-29,
2016-11-30,
2016-12-01,
2016-12-02,
2016-12-03,
2016-12-04,
2016-12-05,
2016-12-06,
2016-12-07,
2016-12-08,
2016-12-09,
2016-12-10,
2016-12-11,
2016-12-12,
2016-12-13,
2016-12-14,
2016-12-15,
2016-12-16,
2016-12-17,
2016-12-18,
2016-12-19,
2016-12-20,
2016-12-21,
2016-12-22,
2016-12-23,
2016-12-24,
2016-12-25,
2016-12-26,
2016-12-27,
2016-12-28,
2016-12-29,
2016-12-30,
2016-12-31,
2017-01-01,
2017-01-02,
2017-01-03,
2017-01-04,
2017-01-05,
2017-01-06,
2017-01-07,
2017-01-08,
2017-01-09,
2017-01-10,
2017-01-11,
2017-01-12,
2017-01-13,
2017-01-14,
2017-01-15,
2017-01-16,
2017-01-17,
2017-01-18,
2017-01-19,
2017-01-20,
2017-01-21,
2017-01-22,
2017-01-23,
2017-01-24,
2017-01-25,
2017-01-26,
2017-01-27,
2017-01-28,
2017-01-29,
2017-01-30,
2017-01-31,
2017-02-01,
2017-02-02,
2017-02-03,
2017-02-04,
2017-02-05,
2017-02-06,
2017-02-07,
2017-02-08,
2017-02-09,
2017-02-10,
2017-02-11,
2017-02-12,
2017-02-13,
2017-02-14,
2017-02-15,
2017-02-16,
2017-02-17,
2017-02-18,
2017-02-19,
2017-02-20,
2017-02-21,
2017-02-22,
2017-02-23,
2017-02-24,
2017-02-25,
2017-02-26,
2017-02-27,
2017-02-28,
2017-03-01,
2017-03-02,
2017-03-03,
2017-03-04,
2017-03-05,
2017-03-06,
2017-03-07,
2017-03-08,
2017-03-09,
2017-03-10,
2017-03-11,
2017-03-12,
2017-03-13,
2017-03-14,
2017-03-15,
2017-03-16,
2017-03-17,
2017-03-18,
2017-03-19,
2017-03-20,
2017-03-21,
2017-03-22,
2017-03-23,
2017-03-24,
2017-03-25,
2017-03-26,
2017-03-27,
2017-03-28,
2017-03-29,
2017-03-30,
2017-03-31,
2017-04-01,
2017-04-02,
2017-04-03,
2017-04-04,
2017-04-05,
2017-04-06,
2017-04-07,
2017-04-08,
2017-04-09,
2017-04-10,
2017-04-11,
2017-04-12,
2017-04-13,
2017-04-14,
2017-04-15,
2017-04-16,
2017-04-17,
2017-04-18,
2017-04-19,
2017-04-20,
2017-04-21,
2017-04-22,
2017-04-23,
2017-04-24,
2017-04-25,
2017-04-26,
2017-04-27,
2017-04-28,
2017-04-29,
2017-04-30,
2017-05-01,
2017-05-02,
2017-05-03,
2017-05-04,
2017-05-05,
2017-05-06,
2017-05-07,
2017-05-08,
2017-05-09,
2017-05-10,
2017-05-11,
2017-05-12,
2017-05-13,
2017-05-14,
2017-05-15,
2017-05-16,
2017-05-17,
2017-05-18,
2017-05-19,
2017-05-20,
2017-05-21,
2017-05-22,
2017-05-23,
2017-05-24,
2017-05-25,
2017-05-26,
2017-05-27,
2017-05-28,
2017-05-29,
2017-05-30,
2017-05-31,
2017-06-01,
2017-06-02,
2017-06-03,
2017-06-04,
2017-06-05,
2017-06-06,
2017-06-07,
2017-06-08,
2017-06-09,
2017-06-10,
2017-06-11,
2017-06-12,
2017-06-13,
2017-06-14,
2017-06-15,
2017-06-16,
2017-06-17,
2017-06-18,
2017-06-19,
2017-06-20,
2017-06-21,
2017-06-22,
2017-06-23,
2017-06-24,
2017-06-25,
2017-06-26,
2017-06-27,
2017-06-28,
2017-06-29,
2017-06-30,
2017-07-01,
2017-07-02,
2017-07-03,
2017-07-04,
2017-07-05,
2017-07-06,
2017-07-07,
2017-07-08,
2017-07-09,
2017-07-10,
2017-07-11,
2017-07-12,
2017-07-13,
2017-07-14,
2017-07-15,
2017-07-16,
2017-07-17,
2017-07-18,
2017-07-19,
2017-07-20,
2017-07-21,
2017-07-22,
2017-07-23,
2017-07-24,
2017-07-25,
2017-07-26,
2017-07-27,
2017-07-28,
2017-07-29,
2017-07-30,
2017-07-31,
2017-08-01,
2017-08-02,
2017-08-03,
2017-08-04,
2017-08-05,
2017-08-06,
2017-08-07,
2017-08-08,
2017-08-09,
2017-08-10,
2017-08-11,
2017-08-12,
2017-08-13,
2017-08-14,
2017-08-15,
2017-08-16,
2017-08-17,
2017-08-18,
2017-08-19,
2017-08-20,
2017-08-21,
2017-08-22,
2017-08-23,
2017-08-24,
2017-08-25,
2017-08-26,
2017-08-27,
2017-08-28,
2017-08-29,
2017-08-30,
2017-08-31,
2017-09-01,
2017-09-02,
2017-09-03,
2017-09-04,
2017-09-05,
2017-09-06,
2017-09-07,
2017-09-08,
2017-09-09,
2017-09-10,
2017-09-11,
2017-09-12,
2017-09-13,
2017-09-14,
2017-09-15,
2017-09-16,
2017-09-17,
2017-09-18,
2017-09-19,
2017-09-20,
2017-09-21,
2017-09-22,
2017-09-23,
2017-09-24,
2017-09-25,
2017-09-26,
2017-09-27,
2017-09-28,
2017-09-29,
2017-09-30,
2017-10-01,
2017-10-02,
2017-10-03,
2017-10-04,
2017-10-05,
2017-10-06,
2017-10-07,
2017-10-08,
2017-10-09,
2017-10-10,
2017-10-11,
2017-10-12,
2017-10-13,
2017-10-14,
2017-10-15,
2017-10-16,
2017-10-17,
2017-10-18,
2017-10-19,
2017-10-20,
2017-10-21,
2017-10-22,
2017-10-23,
2017-10-24,
2017-10-25,
2017-10-26,
2017-10-27,
2017-10-28,
2017-10-29,
2017-10-30,
2017-10-31,
2017-11-01,
2017-11-02,
2017-11-03,
2017-11-04,
2017-11-05,
2017-11-06,
2017-11-07,
2017-11-08,
2017-11-09,
2017-11-10,
2017-11-11,
2017-11-12,
2017-11-13,
2017-11-14,
2017-11-15,
2017-11-16,
2017-11-17,
2017-11-18,
2017-11-19,
2017-11-20,
2017-11-21,
2017-11-22,
2017-11-23,
2017-11-24,
2017-11-25,
2017-11-26,
2017-11-27,
2017-11-28,
2017-11-29,
2017-11-30,
2017-12-01,
2017-12-02,
2017-12-03,
2017-12-04,
2017-12-05,
2017-12-06,
2017-12-07,
2017-12-08,
2017-12-09,
2017-12-10,
2017-12-11,
2017-12-12,
2017-12-13,
2017-12-14,
2017-12-15,
2017-12-16,
2017-12-17,
2017-12-18,
2017-12-19,
2017-12-20,
2017-12-21,
2017-12-22,
2017-12-23,
2017-12-24,
2017-12-25,
2017-12-26,
2017-12-27,
2017-12-28,
2017-12-29,
2017-12-30,
2017-12-31,
2018-01-01,
2018-01-02,
2018-01-03,
2018-01-04,
2018-01-05,
2018-01-06,
2018-01-07,
2018-01-08,
2018-01-09,
2018-01-10,
2018-01-11,
2018-01-12,
2018-01-13,
2018-01-14,
2018-01-15,
2018-01-16,
2018-01-17,
2018-01-18,
2018-01-19,
2018-01-20,
2018-01-21,
2018-01-22,
2018-01-23,
2018-01-24,
2018-01-25,
2018-01-26,
2018-01-27,
2018-01-28,
2018-01-29,
2018-01-30,
2018-01-31,
2018-02-01,
2018-02-02,
2018-02-03,
2018-02-04,
2018-02-05,
2018-02-06,
2018-02-07,
2018-02-08,
2018-02-09,
2018-02-10,
2018-02-11,
2018-02-12,
2018-02-13,
2018-02-14,
2018-02-15,
2018-02-16,
2018-02-17,
2018-02-18,
2018-02-19,
2018-02-20,
2018-02-21,
2018-02-22,
2018-02-23,
2018-02-24,
2018-02-25,
2018-02-26,
2018-02-27,
2018-02-28,
2018-03-01,
2018-03-02,
2018-03-03,
2018-03-04,
2018-03-05,
2018-03-06,
2018-03-07,
2018-03-08,
2018-03-09,
2018-03-10,
2018-03-11,
2018-03-12,
2018-03-13,
2018-03-14,
2018-03-15,
2018-03-16,
2018-03-17,
2018-03-18,
2018-03-19,
2018-03-20,
2018-03-21,
2018-03-22,
2018-03-23,
2018-03-24,
2018-03-25,
2018-03-26,
2018-03-27,
2018-03-28,
2018-03-29,
2018-03-30,
2018-03-31,
2018-04-01,
2018-04-02,
2018-04-03,
2018-04-04,
2018-04-05,
2018-04-06,
2018-04-07,
2018-04-08,
2018-04-09,
2018-04-10,
2018-04-11,
2018-04-12,
2018-04-13,
2018-04-14,
2018-04-15,
2018-04-16,
2018-04-17,
2018-04-18,
2018-04-19,
2018-04-20,
2018-04-21,
2018-04-22,
2018-04-23,
2018-04-24,
2018-04-25,
2018-04-26,
2018-04-27,
2018-04-28,
2018-04-29,
2018-04-30,
2018-05-01,
2018-05-02,
2018-05-03,
2018-05-04,
2018-05-05,
2018-05-06,
2018-05-07,
2018-05-08,
2018-05-09,
2018-05-10,
2018-05-11,
2018-05-12,
2018-05-13,
2018-05-14,
2018-05-15,
2018-05-16,
2018-05-17,
2018-05-18,
2018-05-19,
2018-05-20,
2018-05-21,
2018-05-22,
2018-05-23,
2018-05-24,
2018-05-25,
2018-05-26,
2018-05-27,
2018-05-28,
2018-05-29,
2018-05-30,
2018-05-31,
2018-06-01,
2018-06-02,
2018-06-03,
2018-06-04,
2018-06-05,
2018-06-06,
2018-06-07,
2018-06-08,
2018-06-09,
2018-06-10,
2018-06-11,
2018-06-12,
2018-06-13,
2018-06-14,
2018-06-15,
2018-06-16,
2018-06-17,
2018-06-18,
2018-06-19,
2018-06-20,
2018-06-21,
2018-06-22,
2018-06-23,
2018-06-24,
2018-06-25,
2018-06-26,
2018-06-27,
2018-06-28,
2018-06-29,
2018-06-30,
2018-07-01,
2018-07-02,
2018-07-03,
2018-07-04,
2018-07-05,
2018-07-06,
2018-07-07,
2018-07-08,
2018-07-09,
2018-07-10,
2018-07-11,
2018-07-12,
2018-07-13,
2018-07-14,
2018-07-15,
2018-07-16,
2018-07-17,
2018-07-18,
2018-07-19,
2018-07-20,
2018-07-21,
2018-07-22,
2018-07-23,
2018-07-24,
2018-07-25,
2018-07-26,
2018-07-27,
2018-07-28,
2018-07-29,
2018-07-30,
2018-07-31,
2018-08-01,
2018-08-02,
2018-08-03,
2018-08-04,
2018-08-05,
2018-08-06,
2018-08-07,
2018-08-08,
2018-08-09,
2018-08-10,
2018-08-11,
2018-08-12,
2018-08-13,
2018-08-14,
2018-08-15,
2018-08-16,
2018-08-17,
2018-08-18,
2018-08-19,
2018-08-20,
2018-08-21,
2018-08-22,
2018-08-23,
2018-08-24,
2018-08-25,
2018-08-26,
2018-08-27,
2018-08-28,
2018-08-29,
2018-08-30,
2018-08-31,
2018-09-01,
2018-09-02,
2018-09-03,
2018-09-04,
2018-09-05,
2018-09-06,
2018-09-07,
2018-09-08,
2018-09-09,
2018-09-10,
2018-09-11,
2018-09-12,
2018-09-13,
2018-09-14,
2018-09-15,
2018-09-16,
2018-09-17,
2018-09-18,
2018-09-19,
2018-09-20,
2018-09-21,
2018-09-22,
2018-09-23,
2018-09-24,
2018-09-25,
2018-09-26,
2018-09-27,
2018-09-28,
2018-09-29,
2018-09-30,
2018-10-01,
2018-10-02,
2018-10-03,
2018-10-04,
2018-10-05,
2018-10-06,
2018-10-07,
2018-10-08,
2018-10-09,
2018-10-10,
2018-10-11,
2018-10-12,
2018-10-13,
2018-10-14,
2018-10-15,
2018-10-16,
2018-10-17,
2018-10-18,
2018-10-19,
2018-10-20,
2018-10-21,
2018-10-22,
2018-10-23,
2018-10-24,
2018-10-25,
2018-10-26,
2018-10-27,
2018-10-28,
2018-10-29,
2018-10-30,
2018-10-31,
2018-11-01,
2018-11-02,
2018-11-03,
2018-11-04,
2018-11-05,
2018-11-06,
2018-11-07,
2018-11-08,
2018-11-09,
2018-11-10,
2018-11-11,
2018-11-12,
2018-11-13,
2018-11-14,
2018-11-15,
2018-11-16,
2018-11-17,
2018-11-18,
2018-11-19,
2018-11-20,
2018-11-21,
2018-11-22,
2018-11-23,
2018-11-24,
2018-11-25,
2018-11-26,
2018-11-27,
2018-11-28,
2018-11-29,
2018-11-30,
2018-12-01,
2018-12-02,
2018-12-03,
2018-12-04,
2018-12-05,
2018-12-06,
2018-12-07,
2018-12-08,
2018-12-09,
2018-12-10,
2018-12-11,
2018-12-12,
2018-12-13,
2018-12-14,
2018-12-15,
2018-12-16,
2018-12-17,
2018-12-18,
2018-12-19,
2018-12-20,
2018-12-21,
2018-12-22,
2018-12-23,
2018-12-24,
2018-12-25,
2018-12-26,
2018-12-27,
2018-12-28,
2018-12-29,
2018-12-30,
2018-12-31,
2019-01-01,
2019-01-02,
2019-01-03,
2019-01-04,
2019-01-05,
2019-01-06,
2019-01-07,
2019-01-08,
2019-01-09,
2019-01-10,
2019-01-11,
2019-01-12,
2019-01-13,
2019-01-14,
2019-01-15,
2019-01-16,
2019-01-17,
2019-01-18,
2019-01-19,
2019-01-20,
2019-01-21,
2019-01-22,
2019-01-23,
2019-01-24,
2019-01-25,
2019-01-26,
2019-01-27,
2019-01-28,
2019-01-29,
2019-01-30,
2019-01-31,
2019-02-01,
2019-02-02,
2019-02-03,
2019-02-04,
2019-02-05,
2019-02-06,
2019-02-07,
2019-02-08,
2019-02-09,
2019-02-10,
2019-02-11,
2019-02-12,
2019-02-13,
2019-02-14,
2019-02-15,
2019-02-16,
2019-02-17,
2019-02-18,
2019-02-19,
2019-02-20,
2019-02-21,
2019-02-22,
2019-02-23,
2019-02-24,
2019-02-25,
2019-02-26,
2019-02-27,
2019-02-28,
2019-03-01,
2019-03-02,
2019-03-03,
2019-03-04,
2019-03-05,
2019-03-06,
2019-03-07,
2019-03-08,
2019-03-09,
2019-03-10,
2019-03-11,
2019-03-12,
2019-03-13,
2019-03-14,
2019-03-15,
2019-03-16,
2019-03-17,
2019-03-18,
2019-03-19,
2019-03-20,
2019-03-21,
2019-03-22,
2019-03-23,
2019-03-24,
2019-03-25,
2019-03-26,
2019-03-27,
2019-03-28,
2019-03-29,
2019-03-30,
2019-03-31,
2019-04-01,
2019-04-02,
2019-04-03,
2019-04-04,
2019-04-05,
2019-04-06,
2019-04-07,
2019-04-08,
2019-04-09,
2019-04-10,
2019-04-11,
2019-04-12,
2019-04-13,
2019-04-14,
2019-04-15,
2019-04-16,
2019-04-17,
2019-04-18,
2019-04-19,
2019-04-20,
2019-04-21,
2019-04-22,
2019-04-23,
2019-04-24,
2019-04-25,
2019-04-26,
2019-04-27,
2019-04-28,
2019-04-29,
2019-04-30,
2019-05-01,
2019-05-02,
2019-05-03,
2019-05-04,
2019-05-05,
2019-05-06,
2019-05-07,
2019-05-08,
2019-05-09,
2019-05-10,
2019-05-11,
2019-05-12,
2019-05-13,
2019-05-14,
2019-05-15,
2019-05-16,
2019-05-17,
2019-05-18,
2019-05-19,
2019-05-20,
2019-05-21,
2019-05-22,
2019-05-23,
2019-05-24,
2019-05-25,
2019-05-26,
2019-05-27,
2019-05-28,
2019-05-29,
2019-05-30,
2019-05-31,
2019-06-01,
2019-06-02,
2019-06-03,
2019-06-04,
2019-06-05,
2019-06-06,
2019-06-07,
2019-06-08,
2019-06-09,
2019-06-10,
2019-06-11,
2019-06-12,
2019-06-13,
2019-06-14,
2019-06-15,
2019-06-16,
2019-06-17,
2019-06-18,
2019-06-19,
2019-06-20,
2019-06-21,
2019-06-22,
2019-06-23,
2019-06-24,
2019-06-25,
2019-06-26,
2019-06-27,
2019-06-28,
2019-06-29,
2019-06-30,
2019-07-01,
2019-07-02,
2019-07-03,
2019-07-04,
2019-07-05,
2019-07-06,
2019-07-07,
2019-07-08,
2019-07-09,
2019-07-10,
2019-07-11,
2019-07-12,
2019-07-13,
2019-07-14,
2019-07-15,
2019-07-16,
2019-07-17,
2019-07-18,
2019-07-19,
2019-07-20,
2019-07-21,
2019-07-22,
2019-07-23,
2019-07-24,
2019-07-25,
2019-07-26,
2019-07-27,
2019-07-28,
2019-07-29,
2019-07-30,
2019-07-31,
2019-08-01,
2019-08-02,
2019-08-03,
2019-08-04,
2019-08-05,
2019-08-06,
2019-08-07,
2019-08-08,
2019-08-09,
2019-08-10,
2019-08-11,
2019-08-12,
2019-08-13,
2019-08-14,
2019-08-15,
2019-08-16,
2019-08-17,
2019-08-18,
2019-08-19,
2019-08-20,
2019-08-21,
2019-08-22,
2019-08-23,
2019-08-24,
2019-08-25,
2019-08-26,
2019-08-27,
2019-08-28,
2019-08-29,
2019-08-30,
2019-08-31,
2019-09-01,
2019-09-02,
2019-09-03,
2019-09-04,
2019-09-05,
2019-09-06,
2019-09-07,
2019-09-08,
2019-09-09,
2019-09-10,
2019-09-11,
2019-09-12,
2019-09-13,
2019-09-14,
2019-09-15,
2019-09-16,
2019-09-17,
2019-09-18,
2019-09-19,
2019-09-20,
2019-09-21,
2019-09-22,
2019-09-23,
2019-09-24,
2019-09-25,
2019-09-26,
2019-09-27,
2019-09-28,
2019-09-29,
2019-09-30,
2019-10-01,
2019-10-02,
2019-10-03,
2019-10-04,
2019-10-05,
2019-10-06,
2019-10-07,
2019-10-08,
2019-10-09,
2019-10-10,
2019-10-11,
2019-10-12,
2019-10-13,
2019-10-14,
2019-10-15,
2019-10-16,
2019-10-17,
2019-10-18,
2019-10-19,
2019-10-20,
2019-10-21,
2019-10-22,
2019-10-23,
2019-10-24,
2019-10-25,
2019-10-26,
2019-10-27,
2019-10-28,
2019-10-29,
2019-10-30,
2019-10-31,
2019-11-01,
2019-11-02,
2019-11-03,
2019-11-04,
2019-11-05,
2019-11-06,
2019-11-07,
2019-11-08,
2019-11-09,
2019-11-10,
2019-11-11,
2019-11-12,
2019-11-13,
2019-11-14,
2019-11-15,
2019-11-16,
2019-11-17,
2019-11-18,
2019-11-19,
2019-11-20,
2019-11-21,
2019-11-22,
2019-11-23,
2019-11-24,
2019-11-25,
2019-11-26,
2019-11-27,
2019-11-28,
2019-11-29,
2019-11-30,
2019-12-01,
2019-12-02,
2019-12-03,
2019-12-04,
2019-12-05,
2019-12-06,
2019-12-07,
2019-12-08,
2019-12-09,
2019-12-10,
2019-12-11,
2019-12-12,
2019-12-13,
2019-12-14,
2019-12-15,
2019-12-16,
2019-12-17,
2019-12-18,
2019-12-19,
2019-12-20,
2019-12-21,
2019-12-22,
2019-12-23,
2019-12-24,
2019-12-25,
2019-12-26,
2019-12-27,
2019-12-28,
2019-12-29,
2019-12-30,
2019-12-31,
2020-01-01,
2020-01-02,
2020-01-03,
2020-01-04,
2020-01-05,
2020-01-06,
2020-01-07,
2020-01-08,
2020-01-09,
2020-01-10,
2020-01-11,
2020-01-12,
2020-01-13,
2020-01-14,
2020-01-15,
2020-01-16,
2020-01-17,
2020-01-18,
2020-01-19,
2020-01-20,
2020-01-21,
2020-01-22,
2020-01-23,
2020-01-24,
2020-01-25,
2020-01-26,
2020-01-27,
2020-01-28,
2020-01-29,
2020-01-30,
2020-01-31,
2020-02-01,
2020-02-02,
2020-02-03,
2020-02-04,
2020-02-05,
2020-02-06,
2020-02-07,
2020-02-08,
2020-02-09,
2020-02-10,
2020-02-11,
2020-02-12,
2020-02-13,
2020-02-14,
2020-02-15,
2020-02-16,
2020-02-17,
2020-02-18,
2020-02-19,
2020-02-20,
2020-02-21,
2020-02-22,
2020-02-23,
2020-02-24,
2020-02-25,
2020-02-26,
2020-02-27,
2020-02-28,
2020-02-29,
2020-03-01,
2020-03-02,
2020-03-03,
2020-03-04,
2020-03-05,
2020-03-06,
2020-03-07,
2020-03-08,
2020-03-09,
2020-03-10,
2020-03-11,
2020-03-12,
2020-03-13,
2020-03-14,
2020-03-15,
2020-03-16,
2020-03-17,
2020-03-18,
2020-03-19,
2020-03-20,
2020-03-21,
2020-03-22,
2020-03-23,
2020-03-24,
2020-03-25,
2020-03-26,
2020-03-27,
2020-03-28,
2020-03-29,
2020-03-30,
2020-03-31,
2020-04-01,
2020-04-02,
2020-04-03,
2020-04-04,
2020-04-05,
2020-04-06,
2020-04-07,
2020-04-08,
2020-04-09,
2020-04-10,
2020-04-11,
2020-04-12,
2020-04-13,
2020-04-14,
2020-04-15,
2020-04-16,
2020-04-17,
2020-04-18,
2020-04-19,
2020-04-20,
2020-04-21,
2020-04-22,
2020-04-23,
2020-04-24,
2020-04-25,
2020-04-26,
2020-04-27,
2020-04-28,
2020-04-29,
2020-04-30,
2020-05-01,
2020-05-02,
2020-05-03,
2020-05-04,
2020-05-05,
2020-05-06,
2020-05-07,
2020-05-08,
2020-05-09,
2020-05-10,
2020-05-11,
2020-05-12,
2020-05-13,
2020-05-14,
2020-05-15,
2020-05-16,
2020-05-17,
2020-05-18,
2020-05-19,
2020-05-20,
2020-05-21,
2020-05-22,
2020-05-23,
2020-05-24,
2020-05-25,
2020-05-26,
2020-05-27,
2020-05-28,
2020-05-29,
2020-05-30,
2020-05-31,
2020-06-01,
2020-06-02,
2020-06-03,
2020-06-04,
2020-06-05,
2020-06-06,
2020-06-07,
2020-06-08,
2020-06-09,
2020-06-10,
2020-06-11,
2020-06-12,
2020-06-13,
2020-06-14,
2020-06-15,
2020-06-16,
2020-06-17,
2020-06-18,
2020-06-19,
2020-06-20,
2020-06-21,
2020-06-22,
2020-06-23,
2020-06-24,
2020-06-25,
2020-06-26,
2020-06-27,
2020-06-28,
2020-06-29,
2020-06-30,
2020-07-01,
2020-07-02,
2020-07-03,
2020-07-04,
2020-07-05,
2020-07-06,
2020-07-07,
2020-07-08,
2020-07-09,
2020-07-10,
2020-07-11,
2020-07-12,
2020-07-13,
2020-07-14,
2020-07-15,
2020-07-16,
2020-07-17,
2020-07-18,
2020-07-19,
2020-07-20,
2020-07-21,
2020-07-22,
2020-07-23,
2020-07-24,
2020-07-25,
2020-07-26,
2020-07-27,
2020-07-28,
2020-07-29,
2020-07-30,
2020-07-31,
2020-08-01,
2020-08-02,
2020-08-03,
2020-08-04,
2020-08-05,
2020-08-06,
2020-08-07,
2020-08-08,
2020-08-09,
2020-08-10,
2020-08-11,
2020-08-12,
2020-08-13,
2020-08-14,
2020-08-15,
2020-08-16,
2020-08-17,
2020-08-18,
2020-08-19,
2020-08-20,
2020-08-21,
2020-08-22,
2020-08-23,
2020-08-24,
2020-08-25,
2020-08-26,
2020-08-27,
2020-08-28,
2020-08-29,
2020-08-30,
2020-08-31,
2020-09-01,
2020-09-02,
2020-09-03,
2020-09-04,
2020-09-05,
2020-09-06,
2020-09-07,
2020-09-08,
2020-09-09,
2020-09-10,
2020-09-11,
2020-09-12,
2020-09-13,
2020-09-14,
2020-09-15,
2020-09-16,
2020-09-17,
2020-09-18,
2020-09-19,
2020-09-20,
2020-09-21,
2020-09-22,
2020-09-23,
2020-09-24,
2020-09-25,
2020-09-26,
2020-09-27,
2020-09-28,
2020-09-29,
2020-09-30,
2020-10-01,
2020-10-02,
2020-10-03,
2020-10-04,
2020-10-05,
2020-10-06,
2020-10-07,
2020-10-08,
2020-10-09,
2020-10-10,
2020-10-11,
2020-10-12,
2020-10-13,
2020-10-14,
2020-10-15,
2020-10-16,
2020-10-17,
2020-10-18,
2020-10-19,
2020-10-20,
2020-10-21,
2020-10-22,
2020-10-23,
2020-10-24,
2020-10-25,
2020-10-26,
2020-10-27,
2020-10-28,
2020-10-29,
2020-10-30,
2020-10-31,
2020-11-01,
2020-11-02,
2020-11-03,
2020-11-04,
2020-11-05,
2020-11-06,
2020-11-07,
2020-11-08,
2020-11-09,
2020-11-10,
2020-11-11,
2020-11-12,
2020-11-13,
2020-11-14,
2020-11-15,
2020-11-16,
2020-11-17,
2020-11-18,
2020-11-19,
2020-11-20,
2020-11-21,
2020-11-22,
2020-11-23,
2020-11-24,
2020-11-25,
2020-11-26,
2020-11-27,
2020-11-28,
2020-11-29,
2020-11-30,
2020-12-01,
2020-12-02,
2020-12-03,
2020-12-04,
2020-12-05,
2020-12-06,
2020-12-07,
2020-12-08,
2020-12-09,
2020-12-10,
2020-12-11,
2020-12-12,
2020-12-13,
2020-12-14,
2020-12-15,
2020-12-16,
2020-12-17,
2020-12-18,
2020-12-19,
2020-12-20,
2020-12-21,
2020-12-22,
2020-12-23,
2020-12-24,
2020-12-25,
2020-12-26,
2020-12-27,
2020-12-28,
2020-12-29,
2020-12-30,
2020-12-31,
2021-01-01,
2021-01-02,
2021-01-03,
2021-01-04,
2021-01-05,
2021-01-06,
2021-01-07,
2021-01-08,
2021-01-09,
2021-01-10,
2021-01-11,
2021-01-12,
2021-01-13,
2021-01-14,
2021-01-15,
2021-01-16,
2021-01-17,
2021-01-18,
2021-01-19,
2021-01-20,
2021-01-21,
2021-01-22,
2021-01-23,
2021-01-24,
2021-01-25,
2021-01-26,
2021-01-27,
2021-01-28,
2021-01-29,
2021-01-30,
2021-01-31,
2021-02-01,
2021-02-02,
2021-02-03,
2021-02-04,
2021-02-05,
2021-02-06,
2021-02-07,
2021-02-08,
2021-02-09,
2021-02-10,
2021-02-11,
2021-02-12,
2021-02-13,
2021-02-14,
2021-02-15,
2021-02-16,
2021-02-17,
2021-02-18,
2021-02-19,
2021-02-20,
2021-02-21,
2021-02-22,
2021-02-23,
2021-02-24,
2021-02-25,
2021-02-26,
2021-02-27,
2021-02-28,
2021-03-01,
2021-03-02,
2021-03-03,
2021-03-04,
2021-03-05,
2021-03-06,
2021-03-07,
2021-03-08,
2021-03-09,
2021-03-10,
2021-03-11,
2021-03-12,
2021-03-13,
2021-03-14,
2021-03-15,
2021-03-16,
2021-03-17,
2021-03-18,
2021-03-19,
2021-03-20,
2021-03-21,
2021-03-22,
2021-03-23,
2021-03-24,
2021-03-25,
2021-03-26,
2021-03-27,
2021-03-28,
2021-03-29,
2021-03-30,
2021-03-31,
2021-04-01,
2021-04-02,
2021-04-03,
2021-04-04,
2021-04-05,
2021-04-06,
2021-04-07,
2021-04-08,
2021-04-09,
2021-04-10,
2021-04-11,
2021-04-12,
2021-04-13,
2021-04-14,
2021-04-15,
2021-04-16,
2021-04-17,
2021-04-18,
2021-04-19,
2021-04-20,
2021-04-21,
2021-04-22,
2021-04-23,
2021-04-24,
2021-04-25,
2021-04-26,
2021-04-27,
2021-04-28,
2021-04-29,
2021-04-30,
2021-05-01,
2021-05-02,
2021-05-03,
2021-05-04,
2021-05-05,
2021-05-06,
2021-05-07,
2021-05-08,
2021-05-09,
2021-05-10,
2021-05-11,
2021-05-12,
2021-05-13,
2021-05-14,
2021-05-15,
2021-05-16,
2021-05-17,
2021-05-18,
2021-05-19,
2021-05-20,
2021-05-21,
2021-05-22,
2021-05-23,
2021-05-24,
2021-05-25,
2021-05-26,
2021-05-27,
2021-05-28,
2021-05-29,
2021-05-30,
2021-05-31,
2021-06-01,
2021-06-02,
2021-06-03,
2021-06-04,
2021-06-05,
2021-06-06,
2021-06-07,
2021-06-08,
2021-06-09,
2021-06-10,
2021-06-11,
2021-06-12,
2021-06-13,
2021-06-14,
2021-06-15,
2021-06-16,
2021-06-17,
2021-06-18,
2021-06-19,
2021-06-20,
2021-06-21,
2021-06-22,
2021-06-23,
2021-06-24,
2021-06-25,
2021-06-26,
2021-06-27,
2021-06-28,
2021-06-29,
2021-06-30,
2021-07-01,
2021-07-02,
2021-07-03,
2021-07-04,
2021-07-05,
2021-07-06,
2021-07-07,
2021-07-08,
2021-07-09,
2021-07-10,
2021-07-11,
2021-07-12,
2021-07-13,
2021-07-14,
2021-07-15,
2021-07-16,
2021-07-17,
2021-07-18,
2021-07-19,
2021-07-20,
2021-07-21,
2021-07-22,
2021-07-23,
2021-07-24,
2021-07-25,
2021-07-26,
2021-07-27,
2021-07-28,
2021-07-29,
2021-07-30,
2021-07-31,
2021-08-01,
2021-08-02,
2021-08-03,
2021-08-04,
2021-08-05,
2021-08-06,
2021-08-07,
2021-08-08,
2021-08-09,
2021-08-10,
2021-08-11,
2021-08-12,
2021-08-13,
2021-08-14,
2021-08-15,
2021-08-16,
2021-08-17,
2021-08-18,
2021-08-19,
2021-08-20,
2021-08-21,
2021-08-22,
2021-08-23,
2021-08-24,
2021-08-25,
2021-08-26,
2021-08-27,
2021-08-28,
2021-08-29,
2021-08-30,
2021-08-31,
2021-09-01,
2021-09-02,
2021-09-03,
2021-09-04,
2021-09-05,
2021-09-06,
2021-09-07,
2021-09-08,
2021-09-09,
2021-09-10,
2021-09-11,
2021-09-12,
2021-09-13,
2021-09-14,
2021-09-15,
2021-09-16,
2021-09-17,
2021-09-18,
2021-09-19,
2021-09-20,
2021-09-21,
2021-09-22,
2021-09-23,
2021-09-24,
2021-09-25,
2021-09-26,
2021-09-27,
2021-09-28,
2021-09-29,
2021-09-30,
2021-10-01,
2021-10-02,
2021-10-03,
2021-10-04,
2021-10-05,
2021-10-06,
2021-10-07,
2021-10-08,
2021-10-09,
2021-10-10,
2021-10-11,
2021-10-12,
2021-10-13,
2021-10-14,
2021-10-15,
2021-10-16,
2021-10-17,
2021-10-18,
2021-10-19,
2021-10-20,
2021-10-21,
2021-10-22,
2021-10-23,
2021-10-24,
2021-10-25,
2021-10-26,
2021-10-27,
2021-10-28,
2021-10-29,
2021-10-30,
2021-10-31,
2021-11-01,
2021-11-02,
2021-11-03,
2021-11-04,
2021-11-05,
2021-11-06,
2021-11-07,
2021-11-08,
2021-11-09,
2021-11-10,
2021-11-11,
2021-11-12,
2021-11-13,
2021-11-14,
2021-11-15,
2021-11-16,
2021-11-17,
2021-11-18,
2021-11-19,
2021-11-20,
2021-11-21,
2021-11-22,
2021-11-23,
2021-11-24,
2021-11-25,
2021-11-26,
2021-11-27,
2021-11-28,
2021-11-29,
2021-11-30,
2021-12-01,
2021-12-02,
2021-12-03,
2021-12-04,
2021-12-05,
2021-12-06,
2021-12-07,
2021-12-08,
2021-12-09,
2021-12-10,
2021-12-11,
2021-12-12,
2021-12-13,
2021-12-14,
2021-12-15,
2021-12-16,
2021-12-17,
2021-12-18,
2021-12-19,
2021-12-20,
2021-12-21,
2021-12-22,
2021-12-23,
2021-12-24,
2021-12-25,
2021-12-26,
2021-12-27,
2021-12-28,
2021-12-29,
2021-12-30,
2021-12-31,
2022-01-01,
2022-01-02,
2022-01-03,
2022-01-04,
2022-01-05,
2022-01-06,
2022-01-07,
2022-01-08,
2022-01-09,
2022-01-10,
2022-01-11,
2022-01-12,
2022-01-13,
2022-01-14,
2022-01-15,
2022-01-16,
2022-01-17,
2022-01-18,
2022-01-19,
2022-01-20,
2022-01-21,
2022-01-22,
2022-01-23,
2022-01-24,
2022-01-25,
2022-01-26,
2022-01-27,
2022-01-28,
2022-01-29,
2022-01-30,
2022-01-31,
2022-02-01,
2022-02-02,
2022-02-03,
2022-02-04,
2022-02-05,
2022-02-06,
2022-02-07,
2022-02-08,
2022-02-09,
2022-02-10,
2022-02-11,
2022-02-12,
2022-02-13,
2022-02-14,
2022-02-15,
2022-02-16,
2022-02-17,
2022-02-18,
2022-02-19,
2022-02-20,
2022-02-21,
2022-02-22,
2022-02-23,
2022-02-24,
2022-02-25,
2022-02-26,
2022-02-27,
2022-02-28,
2022-03-01,
2022-03-02,
2022-03-03,
2022-03-04,
2022-03-05,
2022-03-06,
2022-03-07,
2022-03-08,
2022-03-09,
2022-03-10,
2022-03-11,
2022-03-12,
2022-03-13,
2022-03-14,
2022-03-15,
2022-03-16,
2022-03-17,
2022-03-18,
2022-03-19,
2022-03-20,
2022-03-21,
2022-03-22,
2022-03-23,
2022-03-24,
2022-03-25,
2022-03-26,
2022-03-27,
2022-03-28,
2022-03-29,
2022-03-30,
2022-03-31,
2022-04-01,
2022-04-02,
2022-04-03,
2022-04-04,
2022-04-05,
2022-04-06,
2022-04-07,
2022-04-08,
2022-04-09,
2022-04-10,
2022-04-11,
2022-04-12,
2022-04-13,
2022-04-14,
2022-04-15,
2022-04-16,
2022-04-17,
2022-04-18,
2022-04-19,
2022-04-20,
2022-04-21,
2022-04-22,
2022-04-23,
2022-04-24,
2022-04-25,
2022-04-26,
2022-04-27,
2022-04-28,
2022-04-29,
2022-04-30,
2022-05-01,
2022-05-02,
2022-05-03,
2022-05-04,
2022-05-05,
2022-05-06,
2022-05-07,
2022-05-08,
2022-05-09,
2022-05-10,
2022-05-11,
2022-05-12,
2022-05-13,
2022-05-14,
2022-05-15,
2022-05-16,
2022-05-17,
2022-05-18,
2022-05-19,
2022-05-20,
2022-05-21,
2022-05-22,
2022-05-23,
2022-05-24,
2022-05-25,
2022-05-26,
2022-05-27,
2022-05-28,
2022-05-29,
2022-05-30,
2022-05-31,
2022-06-01,
2022-06-02,
2022-06-03,
2022-06-04,
2022-06-05,
2022-06-06,
2022-06-07,
2022-06-08,
2022-06-09,
2022-06-10,
2022-06-11,
2022-06-12,
2022-06-13,
2022-06-14,
2022-06-15,
2022-06-16,
2022-06-17,
2022-06-18,
2022-06-19,
2022-06-20,
2022-06-21,
2022-06-22,
2022-06-23,
2022-06-24,
2022-06-25,
2022-06-26,
2022-06-27,
2022-06-28,
2022-06-29,
2022-06-30,
2022-07-01,
2022-07-02,
2022-07-03,
2022-07-04,
2022-07-05,
2022-07-06,
2022-07-07,
2022-07-08,
2022-07-09,
2022-07-10,
2022-07-11,
2022-07-12,
2022-07-13,
2022-07-14,
2022-07-15,
2022-07-16,
2022-07-17,
2022-07-18,
2022-07-19,
2022-07-20,
2022-07-21,
2022-07-22,
2022-07-23,
2022-07-24,
2022-07-25,
2022-07-26,
2022-07-27,
2022-07-28,
2022-07-29,
2022-07-30,
2022-07-31,
2022-08-01,
2022-08-02,
2022-08-03,
2022-08-04,
2022-08-05,
2022-08-06,
2022-08-07,
2022-08-08,
2022-08-09,
2022-08-10,
2022-08-11,
2022-08-12,
2022-08-13,
2022-08-14,
2022-08-15,
2022-08-16,
2022-08-17,
2022-08-18,
2022-08-19,
2022-08-20,
2022-08-21,
2022-08-22,
2022-08-23,
2022-08-24,
2022-08-25,
2022-08-26,
2022-08-27,
2022-08-28,
2022-08-29,
2022-08-30,
2022-08-31,
2022-09-01,
2022-09-02,
2022-09-03,
2022-09-04,
2022-09-05,
2022-09-06,
2022-09-07,
2022-09-08,
2022-09-09,
2022-09-10,
2022-09-11,
2022-09-12,
2022-09-13,
2022-09-14,
2022-09-15,
2022-09-16,
2022-09-17,
2022-09-18,
2022-09-19,
2022-09-20,
2022-09-21,
2022-09-22,
2022-09-23,
2022-09-24,
2022-09-25,
2022-09-26,
2022-09-27,
2022-09-28,
2022-09-29,
2022-09-30,
2022-10-01,
2022-10-02,
2022-10-03,
2022-10-04,
2022-10-05,
2022-10-06,
2022-10-07,
2022-10-08,
2022-10-09,
2022-10-10,
2022-10-11,
2022-10-12,
2022-10-13,
2022-10-14,
2022-10-15,
2022-10-16,
2022-10-17,
2022-10-18,
2022-10-19,
2022-10-20,
2022-10-21,
2022-10-22,
2022-10-23,
2022-10-24,
2022-10-25,
2022-10-26,
2022-10-27,
2022-10-28,
2022-10-29,
2022-10-30,
2022-10-31,
2022-11-01,
2022-11-02,
2022-11-03,
2022-11-04,
2022-11-05,
2022-11-06,
2022-11-07,
2022-11-08,
2022-11-09,
2022-11-10,
2022-11-11,
2022-11-12,
2022-11-13,
2022-11-14,
2022-11-15,
2022-11-16,
2022-11-17,
2022-11-18,
2022-11-19,
2022-11-20,
2022-11-21,
2022-11-22,
2022-11-23,
2022-11-24,
2022-11-25,
2022-11-26,
2022-11-27,
2022-11-28,
2022-11-29,
2022-11-30,
2022-12-01,
2022-12-02,
2022-12-03,
2022-12-04,
2022-12-05,
2022-12-06,
2022-12-07,
2022-12-08,
2022-12-09,
2022-12-10,
2022-12-11,
2022-12-12,
2022-12-13,
2022-12-14,
2022-12-15,
2022-12-16,
2022-12-17,
2022-12-18,
2022-12-19,
2022-12-20,
2022-12-21,
2022-12-22,
2022-12-23,
2022-12-24,
2022-12-25,
2022-12-26,
2022-12-27,
2022-12-28,
2022-12-29,
2022-12-30,
2022-12-31,
2023-01-01,
2023-01-02,
2023-01-03,
2023-01-04,
2023-01-05,
2023-01-06,
2023-01-07,
2023-01-08,
2023-01-09,
2023-01-10,136.257
2023-01-11,148.287
2023-01-12,154.98
2023-01-13,
2023-01-14,
2023-01-15,
2023-01-16,
2023-01-17,
2023-01-18,
2023-01-19,
2023-01-20,
2023-01-21,
2023-01-22,
2023-01-23,
2023-01-24,
2023-01-25,
2023-01-26,
2023-01-27,
2023-01-28,
2023-01-29,
2023-01-30,
2023-01-31,
2023-02-01,
2023-02-02,
2023-02-03,
2023-02-04,
2023-02-05,
2023-02-06,
2023-02-07,
2023-02-08,
2023-02-09,
2023-02-10,136.646
2023-02-11,
2023-02-12,
2023-02-13,
2023-02-14,
2023-02-15,
2023-02-16,
2023-02-17,
2023-02-18,
2023-02-19,
2023-02-20,
2023-02-21,
2023-02-22,
2023-02-23,
2023-02-24,
2023-02-25,
2023-02-26,
2023-02-27,
2023-02-28,
2023-03-01,
2023-03-02,
2023-03-03,
2023-03-04,
2023-03-05,
2023-03-06,
2023-03-07,
2023-03-08,
2023-03-09,
2023-03-10,
2023-03-11,148.734
2023-03-12,
2023-03-13,
2023-03-14,
2023-03-15,
2023-03-16,
2023-03-17,
2023-03-18,
2023-03-19,
2023-03-20,
2023-03-21,
2023-03-22,
2023-03-23,
2023-03-24,
2023-03-25,
2023-03-26,
2023-03-27,
2023-03-28,
2023-03-29,
2023-03-30,
2023-03-31,
2023-04-01,
2023-04-02,
2023-04-03,
2023-04-04,
2023-04-05,
2023-04-06,
2023-04-07,
2023-04-08,
2023-04-09,
2023-04-10,
2023-04-11,
2023-04-12,155.46
2023-04-13,
2023-04-14,
2023-04-15,
2023-04-16,
2023-04-17,
2023-04-18,
2023-04-19,
2023-04-20,
2023-04-21,
2023-04-22,
2023-04-23,
2023-04-24,
2023-04-25,
2023-04-26,
2023-04-27,
2023-04-28,
2023-04-29,
2023-04-30,
2023-05-01,
2023-05-02,
2023-05-03,
2023-05-04,
2023-05-05,
2023-05-06,
2023-05-07,
2023-05-08,
2023-05-09,
2023-05-10,
2023-05-11,149.182
2023-05-12,155.619
2023-05-13,
2023-05-14,
2023-05-15,
2023-05-16,
2023-05-17,
2023-05-18,
2023-05-19,
2023-05-20,
2023-05-21,
2023-05-22,
2023-05-23,
2023-05-24,
2023-05-25,
2023-05-26,
2023-05-27,
2023-05-28,
2023-05-29,
2023-05-30,
2023-05-31,
2023-06-01,
2023-06-02,
2023-06-03,
2023-06-04,
2023-06-05,
2023-06-06,
2023-06-07,
2023-06-08,
2023-06-09,
2023-06-10,138.202
2023-06-11,149.405
2023-06-12,155.779
2023-06-13,
2023-06-14,
2023-06-15,
2023-06-16,
2023-06-17,
2023-06-18,
2023-06-19,
2023-06-20,
2023-06-21,
2023-06-22,
2023-06-23,
2023-06-24,
2023-06-25,
2023-06-26,
2023-06-27,
2023-06-28,
2023-06-29,
2023-06-30,
2023-07-01,
2023-07-02,
2023-07-03,
2023-07-04,
2023-07-05,
2023-07-06,
2023-07-07,
2023-07-08,
2023-07-09,
2023-07-10,
2023-07-11,149.629
2023-07-12,155.939
2023-07-13,
2023-07-14,
2023-07-15,
2023-07-16,
2023-07-17,
2023-07-18,
2023-07-19,
2023-07-20,
2023-07-21,
2023-07-22,
2023-07-23,
2023-07-24,
2023-07-25,
2023-07-26,
2023-07-27,
2023-07-28,
2023-07-29,
2023-07-30,
2023-07-31,
2023-08-01,
2023-08-02,
2023-08-03,
2023-08-04,
2023-08-05,
2023-08-06,
2023-08-07,
2023-08-08,
2023-08-09,
2023-08-10,138.979
2023-08-11,
2023-08-12,156.099
2023-08-13,
2023-08-14,
2023-08-15,
2023-08-16,
2023-08-17,
2023-08-18,
2023-08-19,
2023-08-20,
2023-08-21,
2023-08-22,
2023-08-23,
2023-08-24,
2023-08-25,
2023-08-26,
2023-08-27,
2023-08-28,
2023-08-29,
2023-08-30,
2023-08-31,
2023-09-01,
2023-09-02,
2023-09-03,
2023-09-04,
2023-09-05,
2023-09-06,
2023-09-07,
2023-09-08,
2023-09-09,
2023-09-10,
2023-09-11,150.075
2023-09-12,156.258
2023-09-13,
2023-09-14,
2023-09-15,
2023-09-16,
2023-09-17,
2023-09-18,
2023-09-19,
2023-09-20,132.038
2023-09-21,132.422
2023-09-22,132.806
2023-09-23,133.19
2023-09-24,133.573
2023-09-25,133.957
2023-09-26,134.341
2023-09-27,134.724
2023-09-28,135.107
2023-09-29,135.491
2023-09-30,135.874
2023-10-01,
2023-10-02,136.646
2023-10-03,
2023-10-04,
2023-10-05,
2023-10-06,138.202
2023-10-07,
2023-10-08,
2023-10-09,139.367
2023-10-10,139.756
2023-10-11,150.299
2023-10-12,156.418
2023-10-13,140.921
2023-10-14,141.309
2023-10-15,141.697
2023-10-16,142.085
2023-10-17,142.474
2023-10-18,142.862
2023-10-19,143.25
2023-10-20,143.637
2023-10-21,144.025
2023-10-22,144.413
2023-10-23,144.801
2023-10-24,145.188
2023-10-25,145.576
2023-10-26,145.964
2023-10-27,146.351
2023-10-28,146.738
2023-10-29,147.126
2023-10-30,147.513
2023-10-31,147.9
2023-11-01,
2023-11-02,
2023-11-03,148.734
2023-11-04,
2023-11-05,
2023-11-06,
2023-11-07,149.629
2023-11-08,
2023-11-09,
2023-11-10,140.144
2023-11-11,150.522
2023-11-12,150.745
2023-11-13,150.968
2023-11-14,151.191
2023-11-15,151.415
2023-11-16,151.638
2023-11-17,151.861
2023-11-18,152.084
2023-11-19,152.307
2023-11-20,152.53
2023-11-21,152.753
2023-11-22,152.976
2023-11-23,153.199
2023-11-24,153.421
2023-11-25,153.644
2023-11-26,153.867
2023-11-27,154.09
2023-11-28,154.312
2023-11-29,154.535
2023-11-30,154.758
2023-12-01,154.98
2023-12-02,155.14
2023-12-03,
2023-12-04,155.46
2023-12-05,
2023-12-06,
2023-12-07,
2023-12-08,156.099
2023-12-09,
2023-12-10,156.418
2023-12-11,156.577
2023-12-12,156.737
2023-12-13,156.897
2023-12-14,157.056
2023-12-15,157.216
2023-12-16,157.375
2023-12-17,157.534
2023-12-18,157.694
2023-12-19,157.853
2023-12-20,158.013
2023-12-21,158.172
2023-12-22,158.331
2023-12-23,158.491
2023-12-24,158.65
2023-12-25,158.809
2023-12-26,158.969
2023-12-27,159.128
2023-12-28,159.287
2023-12-29,159.446
2023-12-30,159.605
2023-12-31,159.764
2024-01-01,159.923
2024-01-02,128.534
2024-01-03,160.237
2024-01-04,160.394
2024-01-05,160.551
2024-01-06,158.787
2024-01-07,125.258
2024-01-08,169.167
2024-01-09,171.846
2024-01-10,125.651
2024-01-11,125.782
2024-01-12,125.913
2024-01-13,126.045
2024-01-14,126.176
2024-01-15,126.307
2024-01-16,126.438
2024-01-17,126.569
2024-01-18,126.7
2024-01-19,126.831
2024-01-20,126.962
2024-01-21,127.093
2024-01-22,127.224
2024-01-23,127.355
2024-01-24,127.486
2024-01-25,127.617
2024-01-26,127.748
2024-01-27,127.879
2024-01-28,128.01
2024-01-29,128.141
2024-01-30,128.272
2024-01-31,128.403
2024-02-01,128.534
2024-02-02,128.663
2024-02-03,128.792
2024-02-04,128.921
2024-02-05,129.05
2024-02-06,129.179
2024-02-07,129.308
2024-02-08,169.253
2024-02-09,172.027
2024-02-10,177.43
2024-02-11,129.824
2024-02-12,129.953
2024-02-13,130.082
2024-02-14,130.211
2024-02-15,130.34
2024-02-16,130.469
2024-02-17,130.598
2024-02-18,130.727
2024-02-19,130.856
2024-02-20,130.985
2024-02-21,131.114
2024-02-22,131.243
2024-02-23,131.372
2024-02-24,131.501
2024-02-25,131.63
2024-02-26,131.759
2024-02-27,131.888
2024-02-28,132.017
2024-02-29,132.146
2024-03-01,132.275
2024-03-02,132.561
2024-03-03,132.846
2024-03-04,133.131
2024-03-05,154.315
2024-03-06,159.118
2024-03-07,133.987
2024-03-08,134.272
2024-03-09,172.209
2024-03-10,134.843
2024-03-11,181.929
2024-03-12,187.205
2024-03-13,135.699
2024-03-14,135.984
2024-03-15,136.269
2024-03-16,136.555
2024-03-17,136.84
2024-03-18,137.125
2024-03-19,137.41
2024-03-20,137.696
2024-03-21,137.981
2024-03-22,138.266
2024-03-23,138.551
2024-03-24,138.836
2024-03-25,139.122
2024-03-26,139.407
2024-03-27,139.692
2024-03-28,139.977
2024-03-29,140.263
2024-03-30,144.606
2024-03-31,144.899
2024-04-01,145.191
2024-04-02,145.408
2024-04-03,145.625
2024-04-04,147.512
2024-04-05,148.012
2024-04-06,148.231
2024-04-07,148.451
2024-04-08,148.67
2024-04-09,148.89
2024-04-10,177.707
2024-04-11,182.106
2024-04-12,187.375
2024-04-13,149.767
2024-04-14,149.987
2024-04-15,150.206
2024-04-16,150.426
2024-04-17,150.645
2024-04-18,151.15
2024-04-19,151.37
2024-04-20,151.59
2024-04-21,151.809
2024-04-22,152.029
2024-04-23,152.249
2024-04-24,152.468
2024-04-25,152.688
2024-04-26,152.908
2024-04-27,153.127
2024-04-28,153.347
2024-04-29,153.567
2024-04-30,153.786
2024-05-01,160.551
2024-05-02,129.05
2024-05-03,133.417
2024-05-04,148.012
2024-05-05,154.623
2024-05-06,154.778
2024-05-07,164.447
2024-05-08,155.086
2024-05-09,155.24
2024-05-10,177.845
2024-05-11,155.549
2024-05-12,187.545
2024-05-13,155.857
2024-05-14,156.012
2024-05-15,156.166
2024-05-16,156.32
2024-05-17,156.474
2024-05-18,156.629
2024-05-19,156.783
2024-05-20,156.937
2024-05-21,157.091
2024-05-22,157.246
2024-05-23,157.4
2024-05-24,157.554
2024-05-25,157.708
2024-05-26,157.862
2024-05-27,158.016
2024-05-28,158.171
2024-05-29,158.325
2024-05-30,158.479
2024-05-31,158.633
2024-06-01,158.787
2024-06-02,158.953
2024-06-03,159.118
2024-06-04,159.283
2024-06-05,159.449
2024-06-06,159.614
2024-06-07,159.78
2024-06-08,159.945
2024-06-09,160.11
2024-06-10,160.276
2024-06-11,160.441
2024-06-12,160.606
2024-06-13,160.772
2024-06-14,160.937
2024-06-15,161.103
2024-06-16,161.268
2024-06-17,161.433
2024-06-18,161.598
2024-06-19,161.764
2024-06-20,161.929
2024-06-21,162.094
2024-06-22,162.26
2024-06-23,162.425
2024-06-24,162.59
2024-06-25,162.755
2024-06-26,162.921
2024-06-27,163.086
2024-06-28,163.251
2024-06-29,163.417
2024-06-30,163.582
2024-07-01,163.747
2024-07-02,129.308
2024-07-03,133.987
2024-07-04,164.272
2024-07-05,154.932
2024-07-06,159.78
2024-07-07,164.797
2024-07-08,169.686
2024-07-09,165.146
2024-07-10,165.321
2024-07-11,165.496
2024-07-12,165.671
2024-07-13,165.846
2024-07-14,166.021
2024-07-15,166.195
2024-07-16,166.37
2024-07-17,166.545
2024-07-18,166.72
2024-07-19,166.895
2024-07-20,167.07
2024-07-21,167.244
2024-07-22,167.419
2024-07-23,167.594
2024-07-24,167.769
2024-07-25,167.944
2024-07-26,168.118
2024-07-27,168.293
2024-07-28,168.468
2024-07-29,168.643
2024-07-30,168.817
2024-07-31,168.992
2024-08-01,169.167
2024-08-02,169.253
2024-08-03,169.34
2024-08-04,148.67
2024-08-05,169.513
2024-08-06,159.945
2024-08-07,164.971
2024-08-08,169.772
2024-08-09,169.859
2024-08-10,169.945
2024-08-11,182.811
2024-08-12,170.118
2024-08-13,170.204
2024-08-14,170.291
2024-08-15,170.377
2024-08-16,170.463
2024-08-17,170.55
2024-08-18,170.636
2024-08-19,170.723
2024-08-20,170.809
2024-08-21,170.896
2024-08-22,170.982
2024-08-23,171.068
2024-08-24,171.155
2024-08-25,171.241
2024-08-26,171.327
2024-08-27,171.414
2024-08-28,171.5
2024-08-29,171.587
2024-08-30,171.673
2024-08-31,171.759
2024-09-01,171.846
2024-09-02,172.027
2024-09-03,134.558
2024-09-04,148.89
2024-09-05,155.24
2024-09-06,172.754
2024-09-07,165.146
2024-09-08,169.859
2024-09-09,173.299
2024-09-10,173.48
2024-09-11,173.662
2024-09-12,188.226
2024-09-13,174.025
2024-09-14,174.207
2024-09-15,174.388
2024-09-16,174.57
2024-09-17,174.751
2024-09-18,174.933
2024-09-19,175.114
2024-09-20,175.296
2024-09-21,175.477
2024-09-22,175.659
2024-09-23,175.84
2024-09-24,176.022
2024-09-25,176.203
2024-09-26,176.385
2024-09-27,176.566
2024-09-28,176.748
2024-09-29,176.929
2024-09-30,177.111
2024-10-01,177.292
2024-10-02,177.43
2024-10-03,177.569
2024-10-04,177.707
2024-10-05,177.845
2024-10-06,177.983
2024-10-07,165.321
2024-10-08,169.945
2024-10-09,173.48
2024-10-10,178.537
2024-10-11,178.675
2024-10-12,178.813
2024-10-13,178.951
2024-10-14,179.09
2024-10-15,179.228
2024-10-16,179.366
2024-10-17,179.504
2024-10-18,179.642
2024-10-19,179.781
2024-10-20,179.919
2024-10-21,180.057
2024-10-22,180.195
2024-10-23,180.333
2024-10-24,180.472
2024-10-25,180.61
2024-10-26,180.748
2024-10-27,180.886
2024-10-28,181.024
2024-10-29,181.162
2024-10-30,181.3
2024-10-31,181.439
2024-11-01,125.782
2024-11-02,181.753
2024-11-03,135.128
2024-11-04,182.106
2024-11-05,155.549
2024-11-06,182.458
2024-11-07,165.496
2024-11-08,170.031
2024-11-09,182.987
2024-11-10,183.164
2024-11-11,183.34
2024-11-12,183.516
2024-11-13,183.693
2024-11-14,183.869
2024-11-15,184.045
2024-11-16,184.221
2024-11-17,184.398
2024-11-18,184.574
2024-11-19,184.75
2024-11-20,184.926
2024-11-21,185.103
2024-11-22,185.279
2024-11-23,185.455
2024-11-24,185.631
2024-11-25,185.807
2024-11-26,185.984
2024-11-27,186.16
2024-11-28,186.336
2024-11-29,186.512
2024-11-30,186.688
2024-12-01,186.865
2024-12-02,129.953
2024-12-03,135.413
2024-12-04,149.548
2024-12-05,155.703
2024-12-06,160.606
2024-12-07,187.886
2024-12-08,188.056
2024-12-09,188.226
2024-12-10,188.396
2024-12-11,183.516
2024-12-12,188.736
2024-12-13,188.906
2024-12-14,189.077
2024-12-15,189.247
2024-12-16,189.417
2024-12-17,189.587
2024-12-18,189.757
2024-12-19,189.927
2024-12-20,190.097
2024-12-21,190.267
2024-12-22,190.437
2024-12-23,190.607
2024-12-24,190.777
2024-12-25,190.948
2024-12-26,191.118
2024-12-27,191.288
2024-12-28,191.458
2024-12-29,191.628
2024-12-30,191.798
2024-12-31,191.968
2025-01-01,192.138
2025-01-02,192.273
2025-01-03,192.409
2025-01-04,208.117
2025-01-05,192.68
2025-01-06,217.842
2025-01-07,224.248
2025-01-08,157.281
2025-01-09,159.969
2025-01-10,193.358
2025-01-11,193.493
2025-01-12,193.629
2025-01-13,193.765
2025-01-14,193.9
2025-01-15,194.036
2025-01-16,194.171
2025-01-17,194.307
2025-01-18,194.442
2025-01-19,194.578
2025-01-20,194.713
2025-01-21,194.849
2025-01-22,194.984
2025-01-23,195.12
2025-01-24,195.255
2025-01-25,195.391
2025-01-26,195.526
2025-01-27,195.662
2025-01-28,195.797
2025-01-29,195.932
2025-01-30,196.068
2025-01-31,196.203
2025-02-01,192.273
2025-02-02,196.407
2025-02-03,196.476
2025-02-04,208.271
2025-02-05,212.897
2025-02-06,218.056
2025-02-07,196.75
2025-02-08,196.818
2025-02-09,196.887
2025-02-10,162.891
2025-02-11,197.024
2025-02-12,197.092
2025-02-13,197.161
2025-02-14,197.229
2025-02-15,197.298
2025-02-16,197.366
2025-02-17,197.435
2025-02-18,197.503
2025-02-19,197.572
2025-02-20,197.64
2025-02-21,197.709
2025-02-22,197.777
2025-02-23,197.846
2025-02-24,197.914
2025-02-25,197.983
2025-02-26,198.051
2025-02-27,198.12
2025-02-28,198.188
2025-03-01,192.409
2025-03-02,196.476
2025-03-03,198.893
2025-03-04,199.211
2025-03-05,199.529
2025-03-06,199.848
2025-03-07,200.166
2025-03-08,200.484
2025-03-09,200.802
2025-03-10,201.12
2025-03-11,201.438
2025-03-12,201.757
2025-03-13,202.075
2025-03-14,202.393
2025-03-15,202.711
2025-03-16,203.029
2025-03-17,203.347
2025-03-18,203.665
2025-03-19,203.983
2025-03-20,204.301
2025-03-21,204.619
2025-03-22,204.937
2025-03-23,205.255
2025-03-24,205.573
2025-03-25,205.891
2025-03-26,206.209
2025-03-27,206.527
2025-03-28,206.845
2025-03-29,207.163
2025-03-30,207.481
2025-03-31,207.799
2025-04-01,208.117
2025-04-02,196.544
2025-04-03,199.211
2025-04-04,208.578
2025-04-05,208.732
2025-04-06,218.483
2025-04-07,154.68
2025-04-08,157.541
2025-04-09,160.35
2025-04-10,209.502
2025-04-11,209.656
2025-04-12,209.809
2025-04-13,209.963
2025-04-14,210.117
2025-04-15,210.271
2025-04-16,210.425
2025-04-17,210.579
2025-04-18,210.733
2025-04-19,210.886
2025-04-20,211.04
2025-04-21,211.194
2025-04-22,211.348
2025-04-23,211.502
2025-04-24,211.655
2025-04-25,211.809
2025-04-26,211.963
2025-04-27,212.117
2025-04-28,212.271
2025-04-29,212.424
2025-04-30,212.578
2025-05-01,192.68
2025-05-02,196.613
2025-05-03,199.529
2025-05-04,208.732
2025-05-05,213.392
2025-05-06,218.697
2025-05-07,154.773
2025-05-08,213.886
2025-05-09,214.051
2025-05-10,163.265
2025-05-11,214.381
2025-05-12,214.546
2025-05-13,214.711
2025-05-14,214.876
2025-05-15,215.041
2025-05-16,215.205
2025-05-17,215.37
2025-05-18,215.535
2025-05-19,215.7
2025-05-20,215.865
2025-05-21,216.03
2025-05-22,216.194
2025-05-23,216.359
2025-05-24,216.524
2025-05-25,216.689
2025-05-26,216.854
2025-05-27,217.019
2025-05-28,217.183
2025-05-29,217.348
2025-05-30,217.513
2025-05-31,217.678
2025-06-01,192.816
2025-06-02,196.681
2025-06-03,218.27
2025-06-04,208.886
2025-06-05,218.697
2025-06-06,218.91
2025-06-07,219.124
2025-06-08,219.338
2025-06-09,160.604
2025-06-10,163.39
2025-06-11,219.978
2025-06-12,220.192
2025-06-13,220.405
2025-06-14,220.619
2025-06-15,220.833
2025-06-16,221.046
2025-06-17,221.26
2025-06-18,221.473
2025-06-19,221.687
2025-06-20,221.9
2025-06-21,222.114
2025-06-22,222.327
2025-06-23,222.54
2025-06-24,222.754
2025-06-25,222.967
2025-06-26,223.181
2025-06-27,223.394
2025-06-28,223.608
2025-06-29,223.821
2025-06-30,224.035
2025-07-01,192.951
2025-07-02,196.75
2025-07-03,200.166
2025-07-04,209.04
2025-07-05,154.773
2025-07-06,154.866
2025-07-07,154.958
2025-07-08,157.8
2025-07-09,160.731
2025-07-10,155.237
2025-07-11,155.329
2025-07-12,155.422
2025-07-13,155.515
2025-07-14,155.608
2025-07-15,155.701
2025-07-16,155.793
2025-07-17,155.886
2025-07-18,155.979
2025-07-19,156.072
2025-07-20,156.165
2025-07-21,156.258
2025-07-22,156.351
2025-07-23,156.444
2025-07-24,156.537
2025-07-25,156.63
2025-07-26,156.723
2025-07-27,156.816
2025-07-28,156.909
2025-07-29,157.002
2025-07-30,157.095
2025-07-31,157.188
2025-08-01,157.281
2025-08-02,157.368
2025-08-03,200.484
2025-08-04,157.541
2025-08-05,157.627
2025-08-06,157.714
2025-08-07,155.051
2025-08-08,157.887
2025-08-09,157.974
2025-08-10,163.639
2025-08-11,158.147
2025-08-12,158.233
2025-08-13,158.32
2025-08-14,158.407
2025-08-15,158.493
2025-08-16,158.58
2025-08-17,158.667
2025-08-18,158.754
2025-08-19,158.84
2025-08-20,158.927
2025-08-21,159.014
2025-08-22,159.101
2025-08-23,159.187
2025-08-24,159.274
2025-08-25,159.361
2025-08-26,159.448
2025-08-27,159.535
2025-08-28,159.622
2025-08-29,159.709
2025-08-30,159.796
2025-08-31,159.882
2025-09-01,193.222
2025-09-02,196.887
2025-09-03,160.223
2025-09-04,160.35
2025-09-05,214.051
2025-09-06,219.551
2025-09-07,160.731
2025-09-08,157.974
2025-09-09,160.985
2025-09-10,161.112
2025-09-11,161.239
2025-09-12,161.366
2025-09-13,161.493
2025-09-14,161.621
2025-09-15,161.748
2025-09-16,161.875
2025-09-17,162.002
2025-09-18,162.13
2025-09-19,162.257
2025-09-20,162.384
2025-09-21,162.511
2025-09-22,162.639
2025-09-23,162.766
2025-09-24,162.894
2025-09-25,162.258
2025-09-26,162.385
2025-09-27,162.512
2025-09-28,162.639
2025-09-29,162.766
2025-09-30,162.639
2025-10-01,162.767
2025-10-02,196.955
2025-10-03,201.12
2025-10-04,209.502
2025-10-05,214.216
2025-10-06,219.765
2025-10-07,163.514
2025-10-08,163.639
2025-10-09,163.764
2025-10-10,163.889
2025-10-11,164.014
2025-10-12,164.138
2025-10-13,164.263
2025-10-14,164.388
2025-10-15,164.513
2025-10-16,164.638
2025-10-17,164.763
2025-10-18,164.888
2025-10-19,165.013
2025-10-20,165.138
2025-11-01,193.493
2025-11-02,197.024
2025-11-03,201.438
2025-11-04,209.656
2025-11-05,214.381
2025-11-06,219.978
2025-11-07,155.329
2025-11-08,158.147
2025-11-09,161.239
2025-11-10,164.014
2025-12-01,193.629
2025-12-02,197.092
2025-12-03,201.757
2025-12-04,209.809
2025-12-05,214.546
2025-12-06,220.192
2025-12-07,155.422
2025-12-08,158.233
2025-12-09,161.366
2025-12-10,164.138
