Tarih,TP_TRT090823K21
2000-01-01,
2000-01-02,
2000-01-03,
2000-01-04,
2000-01-05,
2000-01-06,
2000-01-07,
2000-01-08,
2000-01-09,
2000-01-10,
2000-01-11,
2000-01-12,
2000-01-13,
2000-01-14,
2000-01-15,
2000-01-16,
2000-01-17,
2000-01-18,
2000-01-19,
2000-01-20,
2000-01-21,
2000-01-22,
2000-01-23,
2000-01-24,
2000-01-25,
2000-01-26,
2000-01-27,
2000-01-28,
2000-01-29,
2000-01-30,
2000-01-31,
2000-02-01,
2000-02-02,
2000-02-03,
2000-02-04,
2000-02-05,
2000-02-06,
2000-02-07,
2000-02-08,
2000-02-09,
2000-02-10,
2000-02-11,
2000-02-12,
2000-02-13,
2000-02-14,
2000-02-15,
2000-02-16,
2000-02-17,
2000-02-18,
2000-02-19,
2000-02-20,
2000-02-21,
2000-02-22,
2000-02-23,
2000-02-24,
2000-02-25,
2000-02-26,
2000-02-27,
2000-02-28,
2000-02-29,
2000-03-01,
2000-03-02,
2000-03-03,
2000-03-04,
2000-03-05,
2000-03-06,
2000-03-07,
2000-03-08,
2000-03-09,
2000-03-10,
2000-03-11,
2000-03-12,
2000-03-13,
2000-03-14,
2000-03-15,
2000-03-16,
2000-03-17,
2000-03-18,
2000-03-19,
2000-03-20,
2000-03-21,
2000-03-22,
2000-03-23,
2000-03-24,
2000-03-25,
2000-03-26,
2000-03-27,
2000-03-28,
2000-03-29,
2000-03-30,
2000-03-31,
2000-04-01,
2000-04-02,
2000-04-03,
2000-04-04,
2000-04-05,
2000-04-06,
2000-04-07,
2000-04-08,
2000-04-09,
2000-04-10,
2000-04-11,
2000-04-12,
2000-04-13,
2000-04-14,
2000-04-15,
2000-04-16,
2000-04-17,
2000-04-18,
2000-04-19,
2000-04-20,
2000-04-21,
2000-04-22,
2000-04-23,
2000-04-24,
2000-04-25,
2000-04-26,
2000-04-27,
2000-04-28,
2000-04-29,
2000-04-30,
2000-05-01,
2000-05-02,
2000-05-03,
2000-05-04,
2000-05-05,
2000-05-06,
2000-05-07,
2000-05-08,
2000-05-09,
2000-05-10,
2000-05-11,
2000-05-12,
2000-05-13,
2000-05-14,
2000-05-15,
2000-05-16,
2000-05-17,
2000-05-18,
2000-05-19,
2000-05-20,
2000-05-21,
2000-05-22,
2000-05-23,
2000-05-24,
2000-05-25,
2000-05-26,
2000-05-27,
2000-05-28,
2000-05-29,
2000-05-30,
2000-05-31,
2000-06-01,
2000-06-02,
2000-06-03,
2000-06-04,
2000-06-05,
2000-06-06,
2000-06-07,
2000-06-08,
2000-06-09,
2000-06-10,
2000-06-11,
2000-06-12,
2000-06-13,
2000-06-14,
2000-06-15,
2000-06-16,
2000-06-17,
2000-06-18,
2000-06-19,
2000-06-20,
2000-06-21,
2000-06-22,
2000-06-23,
2000-06-24,
2000-06-25,
2000-06-26,
2000-06-27,
2000-06-28,
2000-06-29,
2000-06-30,
2000-07-01,
2000-07-02,
2000-07-03,
2000-07-04,
2000-07-05,
2000-07-06,
2000-07-07,
2000-07-08,
2000-07-09,
2000-07-10,
2000-07-11,
2000-07-12,
2000-07-13,
2000-07-14,
2000-07-15,
2000-07-16,
2000-07-17,
2000-07-18,
2000-07-19,
2000-07-20,
2000-07-21,
2000-07-22,
2000-07-23,
2000-07-24,
2000-07-25,
2000-07-26,
2000-07-27,
2000-07-28,
2000-07-29,
2000-07-30,
2000-07-31,
2000-08-01,
2000-08-02,
2000-08-03,
2000-08-04,
2000-08-05,
2000-08-06,
2000-08-07,
2000-08-08,
2000-08-09,
2000-08-10,
2000-08-11,
2000-08-12,
2000-08-13,
2000-08-14,
2000-08-15,
2000-08-16,
2000-08-17,
2000-08-18,
2000-08-19,
2000-08-20,
2000-08-21,
2000-08-22,
2000-08-23,
2000-08-24,
2000-08-25,
2000-08-26,
2000-08-27,
2000-08-28,
2000-08-29,
2000-08-30,
2000-08-31,
2000-09-01,
2000-09-02,
2000-09-03,
2000-09-04,
2000-09-05,
2000-09-06,
2000-09-07,
2000-09-08,
2000-09-09,
2000-09-10,
2000-09-11,
2000-09-12,
2000-09-13,
2000-09-14,
2000-09-15,
2000-09-16,
2000-09-17,
2000-09-18,
2000-09-19,
2000-09-20,
2000-09-21,
2000-09-22,
2000-09-23,
2000-09-24,
2000-09-25,
2000-09-26,
2000-09-27,
2000-09-28,
2000-09-29,
2000-09-30,
2000-10-01,
2000-10-02,
2000-10-03,
2000-10-04,
2000-10-05,
2000-10-06,
2000-10-07,
2000-10-08,
2000-10-09,
2000-10-10,
2000-10-11,
2000-10-12,
2000-10-13,
2000-10-14,
2000-10-15,
2000-10-16,
2000-10-17,
2000-10-18,
2000-10-19,
2000-10-20,
2000-10-21,
2000-10-22,
2000-10-23,
2000-10-24,
2000-10-25,
2000-10-26,
2000-10-27,
2000-10-28,
2000-10-29,
2000-10-30,
2000-10-31,
2000-11-01,
2000-11-02,
2000-11-03,
2000-11-04,
2000-11-05,
2000-11-06,
2000-11-07,
2000-11-08,
2000-11-09,
2000-11-10,
2000-11-11,
2000-11-12,
2000-11-13,
2000-11-14,
2000-11-15,
2000-11-16,
2000-11-17,
2000-11-18,
2000-11-19,
2000-11-20,
2000-11-21,
2000-11-22,
2000-11-23,
2000-11-24,
2000-11-25,
2000-11-26,
2000-11-27,
2000-11-28,
2000-11-29,
2000-11-30,
2000-12-01,
2000-12-02,
2000-12-03,
2000-12-04,
2000-12-05,
2000-12-06,
2000-12-07,
2000-12-08,
2000-12-09,
2000-12-10,
2000-12-11,
2000-12-12,
2000-12-13,
2000-12-14,
2000-12-15,
2000-12-16,
2000-12-17,
2000-12-18,
2000-12-19,
2000-12-20,
2000-12-21,
2000-12-22,
2000-12-23,
2000-12-24,
2000-12-25,
2000-12-26,
2000-12-27,
2000-12-28,
2000-12-29,
2000-12-30,
2000-12-31,
2001-01-01,
2001-01-02,
2001-01-03,
2001-01-04,
2001-01-05,
2001-01-06,
2001-01-07,
2001-01-08,
2001-01-09,
2001-01-10,
2001-01-11,
2001-01-12,
2001-01-13,
2001-01-14,
2001-01-15,
2001-01-16,
2001-01-17,
2001-01-18,
2001-01-19,
2001-01-20,
2001-01-21,
2001-01-22,
2001-01-23,
2001-01-24,
2001-01-25,
2001-01-26,
2001-01-27,
2001-01-28,
2001-01-29,
2001-01-30,
2001-01-31,
2001-02-01,
2001-02-02,
2001-02-03,
2001-02-04,
2001-02-05,
2001-02-06,
2001-02-07,
2001-02-08,
2001-02-09,
2001-02-10,
2001-02-11,
2001-02-12,
2001-02-13,
2001-02-14,
2001-02-15,
2001-02-16,
2001-02-17,
2001-02-18,
2001-02-19,
2001-02-20,
2001-02-21,
2001-02-22,
2001-02-23,
2001-02-24,
2001-02-25,
2001-02-26,
2001-02-27,
2001-02-28,
2001-03-01,
2001-03-02,
2001-03-03,
2001-03-04,
2001-03-05,
2001-03-06,
2001-03-07,
2001-03-08,
2001-03-09,
2001-03-10,
2001-03-11,
2001-03-12,
2001-03-13,
2001-03-14,
2001-03-15,
2001-03-16,
2001-03-17,
2001-03-18,
2001-03-19,
2001-03-20,
2001-03-21,
2001-03-22,
2001-03-23,
2001-03-24,
2001-03-25,
2001-03-26,
2001-03-27,
2001-03-28,
2001-03-29,
2001-03-30,
2001-03-31,
2001-04-01,
2001-04-02,
2001-04-03,
2001-04-04,
2001-04-05,
2001-04-06,
2001-04-07,
2001-04-08,
2001-04-09,
2001-04-10,
2001-04-11,
2001-04-12,
2001-04-13,
2001-04-14,
2001-04-15,
2001-04-16,
2001-04-17,
2001-04-18,
2001-04-19,
2001-04-20,
2001-04-21,
2001-04-22,
2001-04-23,
2001-04-24,
2001-04-25,
2001-04-26,
2001-04-27,
2001-04-28,
2001-04-29,
2001-04-30,
2001-05-01,
2001-05-02,
2001-05-03,
2001-05-04,
2001-05-05,
2001-05-06,
2001-05-07,
2001-05-08,
2001-05-09,
2001-05-10,
2001-05-11,
2001-05-12,
2001-05-13,
2001-05-14,
2001-05-15,
2001-05-16,
2001-05-17,
2001-05-18,
2001-05-19,
2001-05-20,
2001-05-21,
2001-05-22,
2001-05-23,
2001-05-24,
2001-05-25,
2001-05-26,
2001-05-27,
2001-05-28,
2001-05-29,
2001-05-30,
2001-05-31,
2001-06-01,
2001-06-02,
2001-06-03,
2001-06-04,
2001-06-05,
2001-06-06,
2001-06-07,
2001-06-08,
2001-06-09,
2001-06-10,
2001-06-11,
2001-06-12,
2001-06-13,
2001-06-14,
2001-06-15,
2001-06-16,
2001-06-17,
2001-06-18,
2001-06-19,
2001-06-20,
2001-06-21,
2001-06-22,
2001-06-23,
2001-06-24,
2001-06-25,
2001-06-26,
2001-06-27,
2001-06-28,
2001-06-29,
2001-06-30,
2001-07-01,
2001-07-02,
2001-07-03,
2001-07-04,
2001-07-05,
2001-07-06,
2001-07-07,
2001-07-08,
2001-07-09,
2001-07-10,
2001-07-11,
2001-07-12,
2001-07-13,
2001-07-14,
2001-07-15,
2001-07-16,
2001-07-17,
2001-07-18,
2001-07-19,
2001-07-20,
2001-07-21,
2001-07-22,
2001-07-23,
2001-07-24,
2001-07-25,
2001-07-26,
2001-07-27,
2001-07-28,
2001-07-29,
2001-07-30,
2001-07-31,
2001-08-01,
2001-08-02,
2001-08-03,
2001-08-04,
2001-08-05,
2001-08-06,
2001-08-07,
2001-08-08,
2001-08-09,
2001-08-10,
2001-08-11,
2001-08-12,
2001-08-13,
2001-08-14,
2001-08-15,
2001-08-16,
2001-08-17,
2001-08-18,
2001-08-19,
2001-08-20,
2001-08-21,
2001-08-22,
2001-08-23,
2001-08-24,
2001-08-25,
2001-08-26,
2001-08-27,
2001-08-28,
2001-08-29,
2001-08-30,
2001-08-31,
2001-09-01,
2001-09-02,
2001-09-03,
2001-09-04,
2001-09-05,
2001-09-06,
2001-09-07,
2001-09-08,
2001-09-09,
2001-09-10,
2001-09-11,
2001-09-12,
2001-09-13,
2001-09-14,
2001-09-15,
2001-09-16,
2001-09-17,
2001-09-18,
2001-09-19,
2001-09-20,
2001-09-21,
2001-09-22,
2001-09-23,
2001-09-24,
2001-09-25,
2001-09-26,
2001-09-27,
2001-09-28,
2001-09-29,
2001-09-30,
2001-10-01,
2001-10-02,
2001-10-03,
2001-10-04,
2001-10-05,
2001-10-06,
2001-10-07,
2001-10-08,
2001-10-09,
2001-10-10,
2001-10-11,
2001-10-12,
2001-10-13,
2001-10-14,
2001-10-15,
2001-10-16,
2001-10-17,
2001-10-18,
2001-10-19,
2001-10-20,
2001-10-21,
2001-10-22,
2001-10-23,
2001-10-24,
2001-10-25,
2001-10-26,
2001-10-27,
2001-10-28,
2001-10-29,
2001-10-30,
2001-10-31,
2001-11-01,
2001-11-02,
2001-11-03,
2001-11-04,
2001-11-05,
2001-11-06,
2001-11-07,
2001-11-08,
2001-11-09,
2001-11-10,
2001-11-11,
2001-11-12,
2001-11-13,
2001-11-14,
2001-11-15,
2001-11-16,
2001-11-17,
2001-11-18,
2001-11-19,
2001-11-20,
2001-11-21,
2001-11-22,
2001-11-23,
2001-11-24,
2001-11-25,
2001-11-26,
2001-11-27,
2001-11-28,
2001-11-29,
2001-11-30,
2001-12-01,
2001-12-02,
2001-12-03,
2001-12-04,
2001-12-05,
2001-12-06,
2001-12-07,
2001-12-08,
2001-12-09,
2001-12-10,
2001-12-11,
2001-12-12,
2001-12-13,
2001-12-14,
2001-12-15,
2001-12-16,
2001-12-17,
2001-12-18,
2001-12-19,
2001-12-20,
2001-12-21,
2001-12-22,
2001-12-23,
2001-12-24,
2001-12-25,
2001-12-26,
2001-12-27,
2001-12-28,
2001-12-29,
2001-12-30,
2001-12-31,
2002-01-01,
2002-01-02,
2002-01-03,
2002-01-04,
2002-01-05,
2002-01-06,
2002-01-07,
2002-01-08,
2002-01-09,
2002-01-10,
2002-01-11,
2002-01-12,
2002-01-13,
2002-01-14,
2002-01-15,
2002-01-16,
2002-01-17,
2002-01-18,
2002-01-19,
2002-01-20,
2002-01-21,
2002-01-22,
2002-01-23,
2002-01-24,
2002-01-25,
2002-01-26,
2002-01-27,
2002-01-28,
2002-01-29,
2002-01-30,
2002-01-31,
2002-02-01,
2002-02-02,
2002-02-03,
2002-02-04,
2002-02-05,
2002-02-06,
2002-02-07,
2002-02-08,
2002-02-09,
2002-02-10,
2002-02-11,
2002-02-12,
2002-02-13,
2002-02-14,
2002-02-15,
2002-02-16,
2002-02-17,
2002-02-18,
2002-02-19,
2002-02-20,
2002-02-21,
2002-02-22,
2002-02-23,
2002-02-24,
2002-02-25,
2002-02-26,
2002-02-27,
2002-02-28,
2002-03-01,
2002-03-02,
2002-03-03,
2002-03-04,
2002-03-05,
2002-03-06,
2002-03-07,
2002-03-08,
2002-03-09,
2002-03-10,
2002-03-11,
2002-03-12,
2002-03-13,
2002-03-14,
2002-03-15,
2002-03-16,
2002-03-17,
2002-03-18,
2002-03-19,
2002-03-20,
2002-03-21,
2002-03-22,
2002-03-23,
2002-03-24,
2002-03-25,
2002-03-26,
2002-03-27,
2002-03-28,
2002-03-29,
2002-03-30,
2002-03-31,
2002-04-01,
2002-04-02,
2002-04-03,
2002-04-04,
2002-04-05,
2002-04-06,
2002-04-07,
2002-04-08,
2002-04-09,
2002-04-10,
2002-04-11,
2002-04-12,
2002-04-13,
2002-04-14,
2002-04-15,
2002-04-16,
2002-04-17,
2002-04-18,
2002-04-19,
2002-04-20,
2002-04-21,
2002-04-22,
2002-04-23,
2002-04-24,
2002-04-25,
2002-04-26,
2002-04-27,
2002-04-28,
2002-04-29,
2002-04-30,
2002-05-01,
2002-05-02,
2002-05-03,
2002-05-04,
2002-05-05,
2002-05-06,
2002-05-07,
2002-05-08,
2002-05-09,
2002-05-10,
2002-05-11,
2002-05-12,
2002-05-13,
2002-05-14,
2002-05-15,
2002-05-16,
2002-05-17,
2002-05-18,
2002-05-19,
2002-05-20,
2002-05-21,
2002-05-22,
2002-05-23,
2002-05-24,
2002-05-25,
2002-05-26,
2002-05-27,
2002-05-28,
2002-05-29,
2002-05-30,
2002-05-31,
2002-06-01,
2002-06-02,
2002-06-03,
2002-06-04,
2002-06-05,
2002-06-06,
2002-06-07,
2002-06-08,
2002-06-09,
2002-06-10,
2002-06-11,
2002-06-12,
2002-06-13,
2002-06-14,
2002-06-15,
2002-06-16,
2002-06-17,
2002-06-18,
2002-06-19,
2002-06-20,
2002-06-21,
2002-06-22,
2002-06-23,
2002-06-24,
2002-06-25,
2002-06-26,
2002-06-27,
2002-06-28,
2002-06-29,
2002-06-30,
2002-07-01,
2002-07-02,
2002-07-03,
2002-07-04,
2002-07-05,
2002-07-06,
2002-07-07,
2002-07-08,
2002-07-09,
2002-07-10,
2002-07-11,
2002-07-12,
2002-07-13,
2002-07-14,
2002-07-15,
2002-07-16,
2002-07-17,
2002-07-18,
2002-07-19,
2002-07-20,
2002-07-21,
2002-07-22,
2002-07-23,
2002-07-24,
2002-07-25,
2002-07-26,
2002-07-27,
2002-07-28,
2002-07-29,
2002-07-30,
2002-07-31,
2002-08-01,
2002-08-02,
2002-08-03,
2002-08-04,
2002-08-05,
2002-08-06,
2002-08-07,
2002-08-08,
2002-08-09,
2002-08-10,
2002-08-11,
2002-08-12,
2002-08-13,
2002-08-14,
2002-08-15,
2002-08-16,
2002-08-17,
2002-08-18,
2002-08-19,
2002-08-20,
2002-08-21,
2002-08-22,
2002-08-23,
2002-08-24,
2002-08-25,
2002-08-26,
2002-08-27,
2002-08-28,
2002-08-29,
2002-08-30,
2002-08-31,
2002-09-01,
2002-09-02,
2002-09-03,
2002-09-04,
2002-09-05,
2002-09-06,
2002-09-07,
2002-09-08,
2002-09-09,
2002-09-10,
2002-09-11,
2002-09-12,
2002-09-13,
2002-09-14,
2002-09-15,
2002-09-16,
2002-09-17,
2002-09-18,
2002-09-19,
2002-09-20,
2002-09-21,
2002-09-22,
2002-09-23,
2002-09-24,
2002-09-25,
2002-09-26,
2002-09-27,
2002-09-28,
2002-09-29,
2002-09-30,
2002-10-01,
2002-10-02,
2002-10-03,
2002-10-04,
2002-10-05,
2002-10-06,
2002-10-07,
2002-10-08,
2002-10-09,
2002-10-10,
2002-10-11,
2002-10-12,
2002-10-13,
2002-10-14,
2002-10-15,
2002-10-16,
2002-10-17,
2002-10-18,
2002-10-19,
2002-10-20,
2002-10-21,
2002-10-22,
2002-10-23,
2002-10-24,
2002-10-25,
2002-10-26,
2002-10-27,
2002-10-28,
2002-10-29,
2002-10-30,
2002-10-31,
2002-11-01,
2002-11-02,
2002-11-03,
2002-11-04,
2002-11-05,
2002-11-06,
2002-11-07,
2002-11-08,
2002-11-09,
2002-11-10,
2002-11-11,
2002-11-12,
2002-11-13,
2002-11-14,
2002-11-15,
2002-11-16,
2002-11-17,
2002-11-18,
2002-11-19,
2002-11-20,
2002-11-21,
2002-11-22,
2002-11-23,
2002-11-24,
2002-11-25,
2002-11-26,
2002-11-27,
2002-11-28,
2002-11-29,
2002-11-30,
2002-12-01,
2002-12-02,
2002-12-03,
2002-12-04,
2002-12-05,
2002-12-06,
2002-12-07,
2002-12-08,
2002-12-09,
2002-12-10,
2002-12-11,
2002-12-12,
2002-12-13,
2002-12-14,
2002-12-15,
2002-12-16,
2002-12-17,
2002-12-18,
2002-12-19,
2002-12-20,
2002-12-21,
2002-12-22,
2002-12-23,
2002-12-24,
2002-12-25,
2002-12-26,
2002-12-27,
2002-12-28,
2002-12-29,
2002-12-30,
2002-12-31,
2003-01-01,
2003-01-02,
2003-01-03,
2003-01-04,
2003-01-05,
2003-01-06,
2003-01-07,
2003-01-08,
2003-01-09,
2003-01-10,
2003-01-11,
2003-01-12,
2003-01-13,
2003-01-14,
2003-01-15,
2003-01-16,
2003-01-17,
2003-01-18,
2003-01-19,
2003-01-20,
2003-01-21,
2003-01-22,
2003-01-23,
2003-01-24,
2003-01-25,
2003-01-26,
2003-01-27,
2003-01-28,
2003-01-29,
2003-01-30,
2003-01-31,
2003-02-01,
2003-02-02,
2003-02-03,
2003-02-04,
2003-02-05,
2003-02-06,
2003-02-07,
2003-02-08,
2003-02-09,
2003-02-10,
2003-02-11,
2003-02-12,
2003-02-13,
2003-02-14,
2003-02-15,
2003-02-16,
2003-02-17,
2003-02-18,
2003-02-19,
2003-02-20,
2003-02-21,
2003-02-22,
2003-02-23,
2003-02-24,
2003-02-25,
2003-02-26,
2003-02-27,
2003-02-28,
2003-03-01,
2003-03-02,
2003-03-03,
2003-03-04,
2003-03-05,
2003-03-06,
2003-03-07,
2003-03-08,
2003-03-09,
2003-03-10,
2003-03-11,
2003-03-12,
2003-03-13,
2003-03-14,
2003-03-15,
2003-03-16,
2003-03-17,
2003-03-18,
2003-03-19,
2003-03-20,
2003-03-21,
2003-03-22,
2003-03-23,
2003-03-24,
2003-03-25,
2003-03-26,
2003-03-27,
2003-03-28,
2003-03-29,
2003-03-30,
2003-03-31,
2003-04-01,
2003-04-02,
2003-04-03,
2003-04-04,
2003-04-05,
2003-04-06,
2003-04-07,
2003-04-08,
2003-04-09,
2003-04-10,
2003-04-11,
2003-04-12,
2003-04-13,
2003-04-14,
2003-04-15,
2003-04-16,
2003-04-17,
2003-04-18,
2003-04-19,
2003-04-20,
2003-04-21,
2003-04-22,
2003-04-23,
2003-04-24,
2003-04-25,
2003-04-26,
2003-04-27,
2003-04-28,
2003-04-29,
2003-04-30,
2003-05-01,
2003-05-02,
2003-05-03,
2003-05-04,
2003-05-05,
2003-05-06,
2003-05-07,
2003-05-08,
2003-05-09,
2003-05-10,
2003-05-11,
2003-05-12,
2003-05-13,
2003-05-14,
2003-05-15,
2003-05-16,
2003-05-17,
2003-05-18,
2003-05-19,
2003-05-20,
2003-05-21,
2003-05-22,
2003-05-23,
2003-05-24,
2003-05-25,
2003-05-26,
2003-05-27,
2003-05-28,
2003-05-29,
2003-05-30,
2003-05-31,
2003-06-01,
2003-06-02,
2003-06-03,
2003-06-04,
2003-06-05,
2003-06-06,
2003-06-07,
2003-06-08,
2003-06-09,
2003-06-10,
2003-06-11,
2003-06-12,
2003-06-13,
2003-06-14,
2003-06-15,
2003-06-16,
2003-06-17,
2003-06-18,
2003-06-19,
2003-06-20,
2003-06-21,
2003-06-22,
2003-06-23,
2003-06-24,
2003-06-25,
2003-06-26,
2003-06-27,
2003-06-28,
2003-06-29,
2003-06-30,
2003-07-01,
2003-07-02,
2003-07-03,
2003-07-04,
2003-07-05,
2003-07-06,
2003-07-07,
2003-07-08,
2003-07-09,
2003-07-10,
2003-07-11,
2003-07-12,
2003-07-13,
2003-07-14,
2003-07-15,
2003-07-16,
2003-07-17,
2003-07-18,
2003-07-19,
2003-07-20,
2003-07-21,
2003-07-22,
2003-07-23,
2003-07-24,
2003-07-25,
2003-07-26,
2003-07-27,
2003-07-28,
2003-07-29,
2003-07-30,
2003-07-31,
2003-08-01,
2003-08-02,
2003-08-03,
2003-08-04,
2003-08-05,
2003-08-06,
2003-08-07,
2003-08-08,
2003-08-09,
2003-08-10,
2003-08-11,
2003-08-12,
2003-08-13,
2003-08-14,
2003-08-15,
2003-08-16,
2003-08-17,
2003-08-18,
2003-08-19,
2003-08-20,
2003-08-21,
2003-08-22,
2003-08-23,
2003-08-24,
2003-08-25,
2003-08-26,
2003-08-27,
2003-08-28,
2003-08-29,
2003-08-30,
2003-08-31,
2003-09-01,
2003-09-02,
2003-09-03,
2003-09-04,
2003-09-05,
2003-09-06,
2003-09-07,
2003-09-08,
2003-09-09,
2003-09-10,
2003-09-11,
2003-09-12,
2003-09-13,
2003-09-14,
2003-09-15,
2003-09-16,
2003-09-17,
2003-09-18,
2003-09-19,
2003-09-20,
2003-09-21,
2003-09-22,
2003-09-23,
2003-09-24,
2003-09-25,
2003-09-26,
2003-09-27,
2003-09-28,
2003-09-29,
2003-09-30,
2003-10-01,
2003-10-02,
2003-10-03,
2003-10-04,
2003-10-05,
2003-10-06,
2003-10-07,
2003-10-08,
2003-10-09,
2003-10-10,
2003-10-11,
2003-10-12,
2003-10-13,
2003-10-14,
2003-10-15,
2003-10-16,
2003-10-17,
2003-10-18,
2003-10-19,
2003-10-20,
2003-10-21,
2003-10-22,
2003-10-23,
2003-10-24,
2003-10-25,
2003-10-26,
2003-10-27,
2003-10-28,
2003-10-29,
2003-10-30,
2003-10-31,
2003-11-01,
2003-11-02,
2003-11-03,
2003-11-04,
2003-11-05,
2003-11-06,
2003-11-07,
2003-11-08,
2003-11-09,
2003-11-10,
2003-11-11,
2003-11-12,
2003-11-13,
2003-11-14,
2003-11-15,
2003-11-16,
2003-11-17,
2003-11-18,
2003-11-19,
2003-11-20,
2003-11-21,
2003-11-22,
2003-11-23,
2003-11-24,
2003-11-25,
2003-11-26,
2003-11-27,
2003-11-28,
2003-11-29,
2003-11-30,
2003-12-01,
2003-12-02,
2003-12-03,
2003-12-04,
2003-12-05,
2003-12-06,
2003-12-07,
2003-12-08,
2003-12-09,
2003-12-10,
2003-12-11,
2003-12-12,
2003-12-13,
2003-12-14,
2003-12-15,
2003-12-16,
2003-12-17,
2003-12-18,
2003-12-19,
2003-12-20,
2003-12-21,
2003-12-22,
2003-12-23,
2003-12-24,
2003-12-25,
2003-12-26,
2003-12-27,
2003-12-28,
2003-12-29,
2003-12-30,
2003-12-31,
2004-01-01,
2004-01-02,
2004-01-03,
2004-01-04,
2004-01-05,
2004-01-06,
2004-01-07,
2004-01-08,
2004-01-09,
2004-01-10,
2004-01-11,
2004-01-12,
2004-01-13,
2004-01-14,
2004-01-15,
2004-01-16,
2004-01-17,
2004-01-18,
2004-01-19,
2004-01-20,
2004-01-21,
2004-01-22,
2004-01-23,
2004-01-24,
2004-01-25,
2004-01-26,
2004-01-27,
2004-01-28,
2004-01-29,
2004-01-30,
2004-01-31,
2004-02-01,
2004-02-02,
2004-02-03,
2004-02-04,
2004-02-05,
2004-02-06,
2004-02-07,
2004-02-08,
2004-02-09,
2004-02-10,
2004-02-11,
2004-02-12,
2004-02-13,
2004-02-14,
2004-02-15,
2004-02-16,
2004-02-17,
2004-02-18,
2004-02-19,
2004-02-20,
2004-02-21,
2004-02-22,
2004-02-23,
2004-02-24,
2004-02-25,
2004-02-26,
2004-02-27,
2004-02-28,
2004-02-29,
2004-03-01,
2004-03-02,
2004-03-03,
2004-03-04,
2004-03-05,
2004-03-06,
2004-03-07,
2004-03-08,
2004-03-09,
2004-03-10,
2004-03-11,
2004-03-12,
2004-03-13,
2004-03-14,
2004-03-15,
2004-03-16,
2004-03-17,
2004-03-18,
2004-03-19,
2004-03-20,
2004-03-21,
2004-03-22,
2004-03-23,
2004-03-24,
2004-03-25,
2004-03-26,
2004-03-27,
2004-03-28,
2004-03-29,
2004-03-30,
2004-03-31,
2004-04-01,
2004-04-02,
2004-04-03,
2004-04-04,
2004-04-05,
2004-04-06,
2004-04-07,
2004-04-08,
2004-04-09,
2004-04-10,
2004-04-11,
2004-04-12,
2004-04-13,
2004-04-14,
2004-04-15,
2004-04-16,
2004-04-17,
2004-04-18,
2004-04-19,
2004-04-20,
2004-04-21,
2004-04-22,
2004-04-23,
2004-04-24,
2004-04-25,
2004-04-26,
2004-04-27,
2004-04-28,
2004-04-29,
2004-04-30,
2004-05-01,
2004-05-02,
2004-05-03,
2004-05-04,
2004-05-05,
2004-05-06,
2004-05-07,
2004-05-08,
2004-05-09,
2004-05-10,
2004-05-11,
2004-05-12,
2004-05-13,
2004-05-14,
2004-05-15,
2004-05-16,
2004-05-17,
2004-05-18,
2004-05-19,
2004-05-20,
2004-05-21,
2004-05-22,
2004-05-23,
2004-05-24,
2004-05-25,
2004-05-26,
2004-05-27,
2004-05-28,
2004-05-29,
2004-05-30,
2004-05-31,
2004-06-01,
2004-06-02,
2004-06-03,
2004-06-04,
2004-06-05,
2004-06-06,
2004-06-07,
2004-06-08,
2004-06-09,
2004-06-10,
2004-06-11,
2004-06-12,
2004-06-13,
2004-06-14,
2004-06-15,
2004-06-16,
2004-06-17,
2004-06-18,
2004-06-19,
2004-06-20,
2004-06-21,
2004-06-22,
2004-06-23,
2004-06-24,
2004-06-25,
2004-06-26,
2004-06-27,
2004-06-28,
2004-06-29,
2004-06-30,
2004-07-01,
2004-07-02,
2004-07-03,
2004-07-04,
2004-07-05,
2004-07-06,
2004-07-07,
2004-07-08,
2004-07-09,
2004-07-10,
2004-07-11,
2004-07-12,
2004-07-13,
2004-07-14,
2004-07-15,
2004-07-16,
2004-07-17,
2004-07-18,
2004-07-19,
2004-07-20,
2004-07-21,
2004-07-22,
2004-07-23,
2004-07-24,
2004-07-25,
2004-07-26,
2004-07-27,
2004-07-28,
2004-07-29,
2004-07-30,
2004-07-31,
2004-08-01,
2004-08-02,
2004-08-03,
2004-08-04,
2004-08-05,
2004-08-06,
2004-08-07,
2004-08-08,
2004-08-09,
2004-08-10,
2004-08-11,
2004-08-12,
2004-08-13,
2004-08-14,
2004-08-15,
2004-08-16,
2004-08-17,
2004-08-18,
2004-08-19,
2004-08-20,
2004-08-21,
2004-08-22,
2004-08-23,
2004-08-24,
2004-08-25,
2004-08-26,
2004-08-27,
2004-08-28,
2004-08-29,
2004-08-30,
2004-08-31,
2004-09-01,
2004-09-02,
2004-09-03,
2004-09-04,
2004-09-05,
2004-09-06,
2004-09-07,
2004-09-08,
2004-09-09,
2004-09-10,
2004-09-11,
2004-09-12,
2004-09-13,
2004-09-14,
2004-09-15,
2004-09-16,
2004-09-17,
2004-09-18,
2004-09-19,
2004-09-20,
2004-09-21,
2004-09-22,
2004-09-23,
2004-09-24,
2004-09-25,
2004-09-26,
2004-09-27,
2004-09-28,
2004-09-29,
2004-09-30,
2004-10-01,
2004-10-02,
2004-10-03,
2004-10-04,
2004-10-05,
2004-10-06,
2004-10-07,
2004-10-08,
2004-10-09,
2004-10-10,
2004-10-11,
2004-10-12,
2004-10-13,
2004-10-14,
2004-10-15,
2004-10-16,
2004-10-17,
2004-10-18,
2004-10-19,
2004-10-20,
2004-10-21,
2004-10-22,
2004-10-23,
2004-10-24,
2004-10-25,
2004-10-26,
2004-10-27,
2004-10-28,
2004-10-29,
2004-10-30,
2004-10-31,
2004-11-01,
2004-11-02,
2004-11-03,
2004-11-04,
2004-11-05,
2004-11-06,
2004-11-07,
2004-11-08,
2004-11-09,
2004-11-10,
2004-11-11,
2004-11-12,
2004-11-13,
2004-11-14,
2004-11-15,
2004-11-16,
2004-11-17,
2004-11-18,
2004-11-19,
2004-11-20,
2004-11-21,
2004-11-22,
2004-11-23,
2004-11-24,
2004-11-25,
2004-11-26,
2004-11-27,
2004-11-28,
2004-11-29,
2004-11-30,
2004-12-01,
2004-12-02,
2004-12-03,
2004-12-04,
2004-12-05,
2004-12-06,
2004-12-07,
2004-12-08,
2004-12-09,
2004-12-10,
2004-12-11,
2004-12-12,
2004-12-13,
2004-12-14,
2004-12-15,
2004-12-16,
2004-12-17,
2004-12-18,
2004-12-19,
2004-12-20,
2004-12-21,
2004-12-22,
2004-12-23,
2004-12-24,
2004-12-25,
2004-12-26,
2004-12-27,
2004-12-28,
2004-12-29,
2004-12-30,
2004-12-31,
2005-01-01,
2005-01-02,
2005-01-03,
2005-01-04,
2005-01-05,
2005-01-06,
2005-01-07,
2005-01-08,
2005-01-09,
2005-01-10,
2005-01-11,
2005-01-12,
2005-01-13,
2005-01-14,
2005-01-15,
2005-01-16,
2005-01-17,
2005-01-18,
2005-01-19,
2005-01-20,
2005-01-21,
2005-01-22,
2005-01-23,
2005-01-24,
2005-01-25,
2005-01-26,
2005-01-27,
2005-01-28,
2005-01-29,
2005-01-30,
2005-01-31,
2005-02-01,
2005-02-02,
2005-02-03,
2005-02-04,
2005-02-05,
2005-02-06,
2005-02-07,
2005-02-08,
2005-02-09,
2005-02-10,
2005-02-11,
2005-02-12,
2005-02-13,
2005-02-14,
2005-02-15,
2005-02-16,
2005-02-17,
2005-02-18,
2005-02-19,
2005-02-20,
2005-02-21,
2005-02-22,
2005-02-23,
2005-02-24,
2005-02-25,
2005-02-26,
2005-02-27,
2005-02-28,
2005-03-01,
2005-03-02,
2005-03-03,
2005-03-04,
2005-03-05,
2005-03-06,
2005-03-07,
2005-03-08,
2005-03-09,
2005-03-10,
2005-03-11,
2005-03-12,
2005-03-13,
2005-03-14,
2005-03-15,
2005-03-16,
2005-03-17,
2005-03-18,
2005-03-19,
2005-03-20,
2005-03-21,
2005-03-22,
2005-03-23,
2005-03-24,
2005-03-25,
2005-03-26,
2005-03-27,
2005-03-28,
2005-03-29,
2005-03-30,
2005-03-31,
2005-04-01,
2005-04-02,
2005-04-03,
2005-04-04,
2005-04-05,
2005-04-06,
2005-04-07,
2005-04-08,
2005-04-09,
2005-04-10,
2005-04-11,
2005-04-12,
2005-04-13,
2005-04-14,
2005-04-15,
2005-04-16,
2005-04-17,
2005-04-18,
2005-04-19,
2005-04-20,
2005-04-21,
2005-04-22,
2005-04-23,
2005-04-24,
2005-04-25,
2005-04-26,
2005-04-27,
2005-04-28,
2005-04-29,
2005-04-30,
2005-05-01,
2005-05-02,
2005-05-03,
2005-05-04,
2005-05-05,
2005-05-06,
2005-05-07,
2005-05-08,
2005-05-09,
2005-05-10,
2005-05-11,
2005-05-12,
2005-05-13,
2005-05-14,
2005-05-15,
2005-05-16,
2005-05-17,
2005-05-18,
2005-05-19,
2005-05-20,
2005-05-21,
2005-05-22,
2005-05-23,
2005-05-24,
2005-05-25,
2005-05-26,
2005-05-27,
2005-05-28,
2005-05-29,
2005-05-30,
2005-05-31,
2005-06-01,
2005-06-02,
2005-06-03,
2005-06-04,
2005-06-05,
2005-06-06,
2005-06-07,
2005-06-08,
2005-06-09,
2005-06-10,
2005-06-11,
2005-06-12,
2005-06-13,
2005-06-14,
2005-06-15,
2005-06-16,
2005-06-17,
2005-06-18,
2005-06-19,
2005-06-20,
2005-06-21,
2005-06-22,
2005-06-23,
2005-06-24,
2005-06-25,
2005-06-26,
2005-06-27,
2005-06-28,
2005-06-29,
2005-06-30,
2005-07-01,
2005-07-02,
2005-07-03,
2005-07-04,
2005-07-05,
2005-07-06,
2005-07-07,
2005-07-08,
2005-07-09,
2005-07-10,
2005-07-11,
2005-07-12,
2005-07-13,
2005-07-14,
2005-07-15,
2005-07-16,
2005-07-17,
2005-07-18,
2005-07-19,
2005-07-20,
2005-07-21,
2005-07-22,
2005-07-23,
2005-07-24,
2005-07-25,
2005-07-26,
2005-07-27,
2005-07-28,
2005-07-29,
2005-07-30,
2005-07-31,
2005-08-01,
2005-08-02,
2005-08-03,
2005-08-04,
2005-08-05,
2005-08-06,
2005-08-07,
2005-08-08,
2005-08-09,
2005-08-10,
2005-08-11,
2005-08-12,
2005-08-13,
2005-08-14,
2005-08-15,
2005-08-16,
2005-08-17,
2005-08-18,
2005-08-19,
2005-08-20,
2005-08-21,
2005-08-22,
2005-08-23,
2005-08-24,
2005-08-25,
2005-08-26,
2005-08-27,
2005-08-28,
2005-08-29,
2005-08-30,
2005-08-31,
2005-09-01,
2005-09-02,
2005-09-03,
2005-09-04,
2005-09-05,
2005-09-06,
2005-09-07,
2005-09-08,
2005-09-09,
2005-09-10,
2005-09-11,
2005-09-12,
2005-09-13,
2005-09-14,
2005-09-15,
2005-09-16,
2005-09-17,
2005-09-18,
2005-09-19,
2005-09-20,
2005-09-21,
2005-09-22,
2005-09-23,
2005-09-24,
2005-09-25,
2005-09-26,
2005-09-27,
2005-09-28,
2005-09-29,
2005-09-30,
2005-10-01,
2005-10-02,
2005-10-03,
2005-10-04,
2005-10-05,
2005-10-06,
2005-10-07,
2005-10-08,
2005-10-09,
2005-10-10,
2005-10-11,
2005-10-12,
2005-10-13,
2005-10-14,
2005-10-15,
2005-10-16,
2005-10-17,
2005-10-18,
2005-10-19,
2005-10-20,
2005-10-21,
2005-10-22,
2005-10-23,
2005-10-24,
2005-10-25,
2005-10-26,
2005-10-27,
2005-10-28,
2005-10-29,
2005-10-30,
2005-10-31,
2005-11-01,
2005-11-02,
2005-11-03,
2005-11-04,
2005-11-05,
2005-11-06,
2005-11-07,
2005-11-08,
2005-11-09,
2005-11-10,
2005-11-11,
2005-11-12,
2005-11-13,
2005-11-14,
2005-11-15,
2005-11-16,
2005-11-17,
2005-11-18,
2005-11-19,
2005-11-20,
2005-11-21,
2005-11-22,
2005-11-23,
2005-11-24,
2005-11-25,
2005-11-26,
2005-11-27,
2005-11-28,
2005-11-29,
2005-11-30,
2005-12-01,
2005-12-02,
2005-12-03,
2005-12-04,
2005-12-05,
2005-12-06,
2005-12-07,
2005-12-08,
2005-12-09,
2005-12-10,
2005-12-11,
2005-12-12,
2005-12-13,
2005-12-14,
2005-12-15,
2005-12-16,
2005-12-17,
2005-12-18,
2005-12-19,
2005-12-20,
2005-12-21,
2005-12-22,
2005-12-23,
2005-12-24,
2005-12-25,
2005-12-26,
2005-12-27,
2005-12-28,
2005-12-29,
2005-12-30,
2005-12-31,
2006-01-01,
2006-01-02,
2006-01-03,
2006-01-04,
2006-01-05,
2006-01-06,
2006-01-07,
2006-01-08,
2006-01-09,
2006-01-10,
2006-01-11,
2006-01-12,
2006-01-13,
2006-01-14,
2006-01-15,
2006-01-16,
2006-01-17,
2006-01-18,
2006-01-19,
2006-01-20,
2006-01-21,
2006-01-22,
2006-01-23,
2006-01-24,
2006-01-25,
2006-01-26,
2006-01-27,
2006-01-28,
2006-01-29,
2006-01-30,
2006-01-31,
2006-02-01,
2006-02-02,
2006-02-03,
2006-02-04,
2006-02-05,
2006-02-06,
2006-02-07,
2006-02-08,
2006-02-09,
2006-02-10,
2006-02-11,
2006-02-12,
2006-02-13,
2006-02-14,
2006-02-15,
2006-02-16,
2006-02-17,
2006-02-18,
2006-02-19,
2006-02-20,
2006-02-21,
2006-02-22,
2006-02-23,
2006-02-24,
2006-02-25,
2006-02-26,
2006-02-27,
2006-02-28,
2006-03-01,
2006-03-02,
2006-03-03,
2006-03-04,
2006-03-05,
2006-03-06,
2006-03-07,
2006-03-08,
2006-03-09,
2006-03-10,
2006-03-11,
2006-03-12,
2006-03-13,
2006-03-14,
2006-03-15,
2006-03-16,
2006-03-17,
2006-03-18,
2006-03-19,
2006-03-20,
2006-03-21,
2006-03-22,
2006-03-23,
2006-03-24,
2006-03-25,
2006-03-26,
2006-03-27,
2006-03-28,
2006-03-29,
2006-03-30,
2006-03-31,
2006-04-01,
2006-04-02,
2006-04-03,
2006-04-04,
2006-04-05,
2006-04-06,
2006-04-07,
2006-04-08,
2006-04-09,
2006-04-10,
2006-04-11,
2006-04-12,
2006-04-13,
2006-04-14,
2006-04-15,
2006-04-16,
2006-04-17,
2006-04-18,
2006-04-19,
2006-04-20,
2006-04-21,
2006-04-22,
2006-04-23,
2006-04-24,
2006-04-25,
2006-04-26,
2006-04-27,
2006-04-28,
2006-04-29,
2006-04-30,
2006-05-01,
2006-05-02,
2006-05-03,
2006-05-04,
2006-05-05,
2006-05-06,
2006-05-07,
2006-05-08,
2006-05-09,
2006-05-10,
2006-05-11,
2006-05-12,
2006-05-13,
2006-05-14,
2006-05-15,
2006-05-16,
2006-05-17,
2006-05-18,
2006-05-19,
2006-05-20,
2006-05-21,
2006-05-22,
2006-05-23,
2006-05-24,
2006-05-25,
2006-05-26,
2006-05-27,
2006-05-28,
2006-05-29,
2006-05-30,
2006-05-31,
2006-06-01,
2006-06-02,
2006-06-03,
2006-06-04,
2006-06-05,
2006-06-06,
2006-06-07,
2006-06-08,
2006-06-09,
2006-06-10,
2006-06-11,
2006-06-12,
2006-06-13,
2006-06-14,
2006-06-15,
2006-06-16,
2006-06-17,
2006-06-18,
2006-06-19,
2006-06-20,
2006-06-21,
2006-06-22,
2006-06-23,
2006-06-24,
2006-06-25,
2006-06-26,
2006-06-27,
2006-06-28,
2006-06-29,
2006-06-30,
2006-07-01,
2006-07-02,
2006-07-03,
2006-07-04,
2006-07-05,
2006-07-06,
2006-07-07,
2006-07-08,
2006-07-09,
2006-07-10,
2006-07-11,
2006-07-12,
2006-07-13,
2006-07-14,
2006-07-15,
2006-07-16,
2006-07-17,
2006-07-18,
2006-07-19,
2006-07-20,
2006-07-21,
2006-07-22,
2006-07-23,
2006-07-24,
2006-07-25,
2006-07-26,
2006-07-27,
2006-07-28,
2006-07-29,
2006-07-30,
2006-07-31,
2006-08-01,
2006-08-02,
2006-08-03,
2006-08-04,
2006-08-05,
2006-08-06,
2006-08-07,
2006-08-08,
2006-08-09,
2006-08-10,
2006-08-11,
2006-08-12,
2006-08-13,
2006-08-14,
2006-08-15,
2006-08-16,
2006-08-17,
2006-08-18,
2006-08-19,
2006-08-20,
2006-08-21,
2006-08-22,
2006-08-23,
2006-08-24,
2006-08-25,
2006-08-26,
2006-08-27,
2006-08-28,
2006-08-29,
2006-08-30,
2006-08-31,
2006-09-01,
2006-09-02,
2006-09-03,
2006-09-04,
2006-09-05,
2006-09-06,
2006-09-07,
2006-09-08,
2006-09-09,
2006-09-10,
2006-09-11,
2006-09-12,
2006-09-13,
2006-09-14,
2006-09-15,
2006-09-16,
2006-09-17,
2006-09-18,
2006-09-19,
2006-09-20,
2006-09-21,
2006-09-22,
2006-09-23,
2006-09-24,
2006-09-25,
2006-09-26,
2006-09-27,
2006-09-28,
2006-09-29,
2006-09-30,
2006-10-01,
2006-10-02,
2006-10-03,
2006-10-04,
2006-10-05,
2006-10-06,
2006-10-07,
2006-10-08,
2006-10-09,
2006-10-10,
2006-10-11,
2006-10-12,
2006-10-13,
2006-10-14,
2006-10-15,
2006-10-16,
2006-10-17,
2006-10-18,
2006-10-19,
2006-10-20,
2006-10-21,
2006-10-22,
2006-10-23,
2006-10-24,
2006-10-25,
2006-10-26,
2006-10-27,
2006-10-28,
2006-10-29,
2006-10-30,
2006-10-31,
2006-11-01,
2006-11-02,
2006-11-03,
2006-11-04,
2006-11-05,
2006-11-06,
2006-11-07,
2006-11-08,
2006-11-09,
2006-11-10,
2006-11-11,
2006-11-12,
2006-11-13,
2006-11-14,
2006-11-15,
2006-11-16,
2006-11-17,
2006-11-18,
2006-11-19,
2006-11-20,
2006-11-21,
2006-11-22,
2006-11-23,
2006-11-24,
2006-11-25,
2006-11-26,
2006-11-27,
2006-11-28,
2006-11-29,
2006-11-30,
2006-12-01,
2006-12-02,
2006-12-03,
2006-12-04,
2006-12-05,
2006-12-06,
2006-12-07,
2006-12-08,
2006-12-09,
2006-12-10,
2006-12-11,
2006-12-12,
2006-12-13,
2006-12-14,
2006-12-15,
2006-12-16,
2006-12-17,
2006-12-18,
2006-12-19,
2006-12-20,
2006-12-21,
2006-12-22,
2006-12-23,
2006-12-24,
2006-12-25,
2006-12-26,
2006-12-27,
2006-12-28,
2006-12-29,
2006-12-30,
2006-12-31,
2007-01-01,
2007-01-02,
2007-01-03,
2007-01-04,
2007-01-05,
2007-01-06,
2007-01-07,
2007-01-08,
2007-01-09,
2007-01-10,
2007-01-11,
2007-01-12,
2007-01-13,
2007-01-14,
2007-01-15,
2007-01-16,
2007-01-17,
2007-01-18,
2007-01-19,
2007-01-20,
2007-01-21,
2007-01-22,
2007-01-23,
2007-01-24,
2007-01-25,
2007-01-26,
2007-01-27,
2007-01-28,
2007-01-29,
2007-01-30,
2007-01-31,
2007-02-01,
2007-02-02,
2007-02-03,
2007-02-04,
2007-02-05,
2007-02-06,
2007-02-07,
2007-02-08,
2007-02-09,
2007-02-10,
2007-02-11,
2007-02-12,
2007-02-13,
2007-02-14,
2007-02-15,
2007-02-16,
2007-02-17,
2007-02-18,
2007-02-19,
2007-02-20,
2007-02-21,
2007-02-22,
2007-02-23,
2007-02-24,
2007-02-25,
2007-02-26,
2007-02-27,
2007-02-28,
2007-03-01,
2007-03-02,
2007-03-03,
2007-03-04,
2007-03-05,
2007-03-06,
2007-03-07,
2007-03-08,
2007-03-09,
2007-03-10,
2007-03-11,
2007-03-12,
2007-03-13,
2007-03-14,
2007-03-15,
2007-03-16,
2007-03-17,
2007-03-18,
2007-03-19,
2007-03-20,
2007-03-21,
2007-03-22,
2007-03-23,
2007-03-24,
2007-03-25,
2007-03-26,
2007-03-27,
2007-03-28,
2007-03-29,
2007-03-30,
2007-03-31,
2007-04-01,
2007-04-02,
2007-04-03,
2007-04-04,
2007-04-05,
2007-04-06,
2007-04-07,
2007-04-08,
2007-04-09,
2007-04-10,
2007-04-11,
2007-04-12,
2007-04-13,
2007-04-14,
2007-04-15,
2007-04-16,
2007-04-17,
2007-04-18,
2007-04-19,
2007-04-20,
2007-04-21,
2007-04-22,
2007-04-23,
2007-04-24,
2007-04-25,
2007-04-26,
2007-04-27,
2007-04-28,
2007-04-29,
2007-04-30,
2007-05-01,
2007-05-02,
2007-05-03,
2007-05-04,
2007-05-05,
2007-05-06,
2007-05-07,
2007-05-08,
2007-05-09,
2007-05-10,
2007-05-11,
2007-05-12,
2007-05-13,
2007-05-14,
2007-05-15,
2007-05-16,
2007-05-17,
2007-05-18,
2007-05-19,
2007-05-20,
2007-05-21,
2007-05-22,
2007-05-23,
2007-05-24,
2007-05-25,
2007-05-26,
2007-05-27,
2007-05-28,
2007-05-29,
2007-05-30,
2007-05-31,
2007-06-01,
2007-06-02,
2007-06-03,
2007-06-04,
2007-06-05,
2007-06-06,
2007-06-07,
2007-06-08,
2007-06-09,
2007-06-10,
2007-06-11,
2007-06-12,
2007-06-13,
2007-06-14,
2007-06-15,
2007-06-16,
2007-06-17,
2007-06-18,
2007-06-19,
2007-06-20,
2007-06-21,
2007-06-22,
2007-06-23,
2007-06-24,
2007-06-25,
2007-06-26,
2007-06-27,
2007-06-28,
2007-06-29,
2007-06-30,
2007-07-01,
2007-07-02,
2007-07-03,
2007-07-04,
2007-07-05,
2007-07-06,
2007-07-07,
2007-07-08,
2007-07-09,
2007-07-10,
2007-07-11,
2007-07-12,
2007-07-13,
2007-07-14,
2007-07-15,
2007-07-16,
2007-07-17,
2007-07-18,
2007-07-19,
2007-07-20,
2007-07-21,
2007-07-22,
2007-07-23,
2007-07-24,
2007-07-25,
2007-07-26,
2007-07-27,
2007-07-28,
2007-07-29,
2007-07-30,
2007-07-31,
2007-08-01,
2007-08-02,
2007-08-03,
2007-08-04,
2007-08-05,
2007-08-06,
2007-08-07,
2007-08-08,
2007-08-09,
2007-08-10,
2007-08-11,
2007-08-12,
2007-08-13,
2007-08-14,
2007-08-15,
2007-08-16,
2007-08-17,
2007-08-18,
2007-08-19,
2007-08-20,
2007-08-21,
2007-08-22,
2007-08-23,
2007-08-24,
2007-08-25,
2007-08-26,
2007-08-27,
2007-08-28,
2007-08-29,
2007-08-30,
2007-08-31,
2007-09-01,
2007-09-02,
2007-09-03,
2007-09-04,
2007-09-05,
2007-09-06,
2007-09-07,
2007-09-08,
2007-09-09,
2007-09-10,
2007-09-11,
2007-09-12,
2007-09-13,
2007-09-14,
2007-09-15,
2007-09-16,
2007-09-17,
2007-09-18,
2007-09-19,
2007-09-20,
2007-09-21,
2007-09-22,
2007-09-23,
2007-09-24,
2007-09-25,
2007-09-26,
2007-09-27,
2007-09-28,
2007-09-29,
2007-09-30,
2007-10-01,
2007-10-02,
2007-10-03,
2007-10-04,
2007-10-05,
2007-10-06,
2007-10-07,
2007-10-08,
2007-10-09,
2007-10-10,
2007-10-11,
2007-10-12,
2007-10-13,
2007-10-14,
2007-10-15,
2007-10-16,
2007-10-17,
2007-10-18,
2007-10-19,
2007-10-20,
2007-10-21,
2007-10-22,
2007-10-23,
2007-10-24,
2007-10-25,
2007-10-26,
2007-10-27,
2007-10-28,
2007-10-29,
2007-10-30,
2007-10-31,
2007-11-01,
2007-11-02,
2007-11-03,
2007-11-04,
2007-11-05,
2007-11-06,
2007-11-07,
2007-11-08,
2007-11-09,
2007-11-10,
2007-11-11,
2007-11-12,
2007-11-13,
2007-11-14,
2007-11-15,
2007-11-16,
2007-11-17,
2007-11-18,
2007-11-19,
2007-11-20,
2007-11-21,
2007-11-22,
2007-11-23,
2007-11-24,
2007-11-25,
2007-11-26,
2007-11-27,
2007-11-28,
2007-11-29,
2007-11-30,
2007-12-01,
2007-12-02,
2007-12-03,
2007-12-04,
2007-12-05,
2007-12-06,
2007-12-07,
2007-12-08,
2007-12-09,
2007-12-10,
2007-12-11,
2007-12-12,
2007-12-13,
2007-12-14,
2007-12-15,
2007-12-16,
2007-12-17,
2007-12-18,
2007-12-19,
2007-12-20,
2007-12-21,
2007-12-22,
2007-12-23,
2007-12-24,
2007-12-25,
2007-12-26,
2007-12-27,
2007-12-28,
2007-12-29,
2007-12-30,
2007-12-31,
2008-01-01,
2008-01-02,
2008-01-03,
2008-01-04,
2008-01-05,
2008-01-06,
2008-01-07,
2008-01-08,
2008-01-09,
2008-01-10,
2008-01-11,
2008-01-12,
2008-01-13,
2008-01-14,
2008-01-15,
2008-01-16,
2008-01-17,
2008-01-18,
2008-01-19,
2008-01-20,
2008-01-21,
2008-01-22,
2008-01-23,
2008-01-24,
2008-01-25,
2008-01-26,
2008-01-27,
2008-01-28,
2008-01-29,
2008-01-30,
2008-01-31,
2008-02-01,
2008-02-02,
2008-02-03,
2008-02-04,
2008-02-05,
2008-02-06,
2008-02-07,
2008-02-08,
2008-02-09,
2008-02-10,
2008-02-11,
2008-02-12,
2008-02-13,
2008-02-14,
2008-02-15,
2008-02-16,
2008-02-17,
2008-02-18,
2008-02-19,
2008-02-20,
2008-02-21,
2008-02-22,
2008-02-23,
2008-02-24,
2008-02-25,
2008-02-26,
2008-02-27,
2008-02-28,
2008-02-29,
2008-03-01,
2008-03-02,
2008-03-03,
2008-03-04,
2008-03-05,
2008-03-06,
2008-03-07,
2008-03-08,
2008-03-09,
2008-03-10,
2008-03-11,
2008-03-12,
2008-03-13,
2008-03-14,
2008-03-15,
2008-03-16,
2008-03-17,
2008-03-18,
2008-03-19,
2008-03-20,
2008-03-21,
2008-03-22,
2008-03-23,
2008-03-24,
2008-03-25,
2008-03-26,
2008-03-27,
2008-03-28,
2008-03-29,
2008-03-30,
2008-03-31,
2008-04-01,
2008-04-02,
2008-04-03,
2008-04-04,
2008-04-05,
2008-04-06,
2008-04-07,
2008-04-08,
2008-04-09,
2008-04-10,
2008-04-11,
2008-04-12,
2008-04-13,
2008-04-14,
2008-04-15,
2008-04-16,
2008-04-17,
2008-04-18,
2008-04-19,
2008-04-20,
2008-04-21,
2008-04-22,
2008-04-23,
2008-04-24,
2008-04-25,
2008-04-26,
2008-04-27,
2008-04-28,
2008-04-29,
2008-04-30,
2008-05-01,
2008-05-02,
2008-05-03,
2008-05-04,
2008-05-05,
2008-05-06,
2008-05-07,
2008-05-08,
2008-05-09,
2008-05-10,
2008-05-11,
2008-05-12,
2008-05-13,
2008-05-14,
2008-05-15,
2008-05-16,
2008-05-17,
2008-05-18,
2008-05-19,
2008-05-20,
2008-05-21,
2008-05-22,
2008-05-23,
2008-05-24,
2008-05-25,
2008-05-26,
2008-05-27,
2008-05-28,
2008-05-29,
2008-05-30,
2008-05-31,
2008-06-01,
2008-06-02,
2008-06-03,
2008-06-04,
2008-06-05,
2008-06-06,
2008-06-07,
2008-06-08,
2008-06-09,
2008-06-10,
2008-06-11,
2008-06-12,
2008-06-13,
2008-06-14,
2008-06-15,
2008-06-16,
2008-06-17,
2008-06-18,
2008-06-19,
2008-06-20,
2008-06-21,
2008-06-22,
2008-06-23,
2008-06-24,
2008-06-25,
2008-06-26,
2008-06-27,
2008-06-28,
2008-06-29,
2008-06-30,
2008-07-01,
2008-07-02,
2008-07-03,
2008-07-04,
2008-07-05,
2008-07-06,
2008-07-07,
2008-07-08,
2008-07-09,
2008-07-10,
2008-07-11,
2008-07-12,
2008-07-13,
2008-07-14,
2008-07-15,
2008-07-16,
2008-07-17,
2008-07-18,
2008-07-19,
2008-07-20,
2008-07-21,
2008-07-22,
2008-07-23,
2008-07-24,
2008-07-25,
2008-07-26,
2008-07-27,
2008-07-28,
2008-07-29,
2008-07-30,
2008-07-31,
2008-08-01,
2008-08-02,
2008-08-03,
2008-08-04,
2008-08-05,
2008-08-06,
2008-08-07,
2008-08-08,
2008-08-09,
2008-08-10,
2008-08-11,
2008-08-12,
2008-08-13,
2008-08-14,
2008-08-15,
2008-08-16,
2008-08-17,
2008-08-18,
2008-08-19,
2008-08-20,
2008-08-21,
2008-08-22,
2008-08-23,
2008-08-24,
2008-08-25,
2008-08-26,
2008-08-27,
2008-08-28,
2008-08-29,
2008-08-30,
2008-08-31,
2008-09-01,
2008-09-02,
2008-09-03,
2008-09-04,
2008-09-05,
2008-09-06,
2008-09-07,
2008-09-08,
2008-09-09,
2008-09-10,
2008-09-11,
2008-09-12,
2008-09-13,
2008-09-14,
2008-09-15,
2008-09-16,
2008-09-17,
2008-09-18,
2008-09-19,
2008-09-20,
2008-09-21,
2008-09-22,
2008-09-23,
2008-09-24,
2008-09-25,
2008-09-26,
2008-09-27,
2008-09-28,
2008-09-29,
2008-09-30,
2008-10-01,
2008-10-02,
2008-10-03,
2008-10-04,
2008-10-05,
2008-10-06,
2008-10-07,
2008-10-08,
2008-10-09,
2008-10-10,
2008-10-11,
2008-10-12,
2008-10-13,
2008-10-14,
2008-10-15,
2008-10-16,
2008-10-17,
2008-10-18,
2008-10-19,
2008-10-20,
2008-10-21,
2008-10-22,
2008-10-23,
2008-10-24,
2008-10-25,
2008-10-26,
2008-10-27,
2008-10-28,
2008-10-29,
2008-10-30,
2008-10-31,
2008-11-01,
2008-11-02,
2008-11-03,
2008-11-04,
2008-11-05,
2008-11-06,
2008-11-07,
2008-11-08,
2008-11-09,
2008-11-10,
2008-11-11,
2008-11-12,
2008-11-13,
2008-11-14,
2008-11-15,
2008-11-16,
2008-11-17,
2008-11-18,
2008-11-19,
2008-11-20,
2008-11-21,
2008-11-22,
2008-11-23,
2008-11-24,
2008-11-25,
2008-11-26,
2008-11-27,
2008-11-28,
2008-11-29,
2008-11-30,
2008-12-01,
2008-12-02,
2008-12-03,
2008-12-04,
2008-12-05,
2008-12-06,
2008-12-07,
2008-12-08,
2008-12-09,
2008-12-10,
2008-12-11,
2008-12-12,
2008-12-13,
2008-12-14,
2008-12-15,
2008-12-16,
2008-12-17,
2008-12-18,
2008-12-19,
2008-12-20,
2008-12-21,
2008-12-22,
2008-12-23,
2008-12-24,
2008-12-25,
2008-12-26,
2008-12-27,
2008-12-28,
2008-12-29,
2008-12-30,
2008-12-31,
2009-01-01,
2009-01-02,
2009-01-03,
2009-01-04,
2009-01-05,
2009-01-06,
2009-01-07,
2009-01-08,
2009-01-09,
2009-01-10,
2009-01-11,
2009-01-12,
2009-01-13,
2009-01-14,
2009-01-15,
2009-01-16,
2009-01-17,
2009-01-18,
2009-01-19,
2009-01-20,
2009-01-21,
2009-01-22,
2009-01-23,
2009-01-24,
2009-01-25,
2009-01-26,
2009-01-27,
2009-01-28,
2009-01-29,
2009-01-30,
2009-01-31,
2009-02-01,
2009-02-02,
2009-02-03,
2009-02-04,
2009-02-05,
2009-02-06,
2009-02-07,
2009-02-08,
2009-02-09,
2009-02-10,
2009-02-11,
2009-02-12,
2009-02-13,
2009-02-14,
2009-02-15,
2009-02-16,
2009-02-17,
2009-02-18,
2009-02-19,
2009-02-20,
2009-02-21,
2009-02-22,
2009-02-23,
2009-02-24,
2009-02-25,
2009-02-26,
2009-02-27,
2009-02-28,
2009-03-01,
2009-03-02,
2009-03-03,
2009-03-04,
2009-03-05,
2009-03-06,
2009-03-07,
2009-03-08,
2009-03-09,
2009-03-10,
2009-03-11,
2009-03-12,
2009-03-13,
2009-03-14,
2009-03-15,
2009-03-16,
2009-03-17,
2009-03-18,
2009-03-19,
2009-03-20,
2009-03-21,
2009-03-22,
2009-03-23,
2009-03-24,
2009-03-25,
2009-03-26,
2009-03-27,
2009-03-28,
2009-03-29,
2009-03-30,
2009-03-31,
2009-04-01,
2009-04-02,
2009-04-03,
2009-04-04,
2009-04-05,
2009-04-06,
2009-04-07,
2009-04-08,
2009-04-09,
2009-04-10,
2009-04-11,
2009-04-12,
2009-04-13,
2009-04-14,
2009-04-15,
2009-04-16,
2009-04-17,
2009-04-18,
2009-04-19,
2009-04-20,
2009-04-21,
2009-04-22,
2009-04-23,
2009-04-24,
2009-04-25,
2009-04-26,
2009-04-27,
2009-04-28,
2009-04-29,
2009-04-30,
2009-05-01,
2009-05-02,
2009-05-03,
2009-05-04,
2009-05-05,
2009-05-06,
2009-05-07,
2009-05-08,
2009-05-09,
2009-05-10,
2009-05-11,
2009-05-12,
2009-05-13,
2009-05-14,
2009-05-15,
2009-05-16,
2009-05-17,
2009-05-18,
2009-05-19,
2009-05-20,
2009-05-21,
2009-05-22,
2009-05-23,
2009-05-24,
2009-05-25,
2009-05-26,
2009-05-27,
2009-05-28,
2009-05-29,
2009-05-30,
2009-05-31,
2009-06-01,
2009-06-02,
2009-06-03,
2009-06-04,
2009-06-05,
2009-06-06,
2009-06-07,
2009-06-08,
2009-06-09,
2009-06-10,
2009-06-11,
2009-06-12,
2009-06-13,
2009-06-14,
2009-06-15,
2009-06-16,
2009-06-17,
2009-06-18,
2009-06-19,
2009-06-20,
2009-06-21,
2009-06-22,
2009-06-23,
2009-06-24,
2009-06-25,
2009-06-26,
2009-06-27,
2009-06-28,
2009-06-29,
2009-06-30,
2009-07-01,
2009-07-02,
2009-07-03,
2009-07-04,
2009-07-05,
2009-07-06,
2009-07-07,
2009-07-08,
2009-07-09,
2009-07-10,
2009-07-11,
2009-07-12,
2009-07-13,
2009-07-14,
2009-07-15,
2009-07-16,
2009-07-17,
2009-07-18,
2009-07-19,
2009-07-20,
2009-07-21,
2009-07-22,
2009-07-23,
2009-07-24,
2009-07-25,
2009-07-26,
2009-07-27,
2009-07-28,
2009-07-29,
2009-07-30,
2009-07-31,
2009-08-01,
2009-08-02,
2009-08-03,
2009-08-04,
2009-08-05,
2009-08-06,
2009-08-07,
2009-08-08,
2009-08-09,
2009-08-10,
2009-08-11,
2009-08-12,
2009-08-13,
2009-08-14,
2009-08-15,
2009-08-16,
2009-08-17,
2009-08-18,
2009-08-19,
2009-08-20,
2009-08-21,
2009-08-22,
2009-08-23,
2009-08-24,
2009-08-25,
2009-08-26,
2009-08-27,
2009-08-28,
2009-08-29,
2009-08-30,
2009-08-31,
2009-09-01,
2009-09-02,
2009-09-03,
2009-09-04,
2009-09-05,
2009-09-06,
2009-09-07,
2009-09-08,
2009-09-09,
2009-09-10,
2009-09-11,
2009-09-12,
2009-09-13,
2009-09-14,
2009-09-15,
2009-09-16,
2009-09-17,
2009-09-18,
2009-09-19,
2009-09-20,
2009-09-21,
2009-09-22,
2009-09-23,
2009-09-24,
2009-09-25,
2009-09-26,
2009-09-27,
2009-09-28,
2009-09-29,
2009-09-30,
2009-10-01,
2009-10-02,
2009-10-03,
2009-10-04,
2009-10-05,
2009-10-06,
2009-10-07,
2009-10-08,
2009-10-09,
2009-10-10,
2009-10-11,
2009-10-12,
2009-10-13,
2009-10-14,
2009-10-15,
2009-10-16,
2009-10-17,
2009-10-18,
2009-10-19,
2009-10-20,
2009-10-21,
2009-10-22,
2009-10-23,
2009-10-24,
2009-10-25,
2009-10-26,
2009-10-27,
2009-10-28,
2009-10-29,
2009-10-30,
2009-10-31,
2009-11-01,
2009-11-02,
2009-11-03,
2009-11-04,
2009-11-05,
2009-11-06,
2009-11-07,
2009-11-08,
2009-11-09,
2009-11-10,
2009-11-11,
2009-11-12,
2009-11-13,
2009-11-14,
2009-11-15,
2009-11-16,
2009-11-17,
2009-11-18,
2009-11-19,
2009-11-20,
2009-11-21,
2009-11-22,
2009-11-23,
2009-11-24,
2009-11-25,
2009-11-26,
2009-11-27,
2009-11-28,
2009-11-29,
2009-11-30,
2009-12-01,
2009-12-02,
2009-12-03,
2009-12-04,
2009-12-05,
2009-12-06,
2009-12-07,
2009-12-08,
2009-12-09,
2009-12-10,
2009-12-11,
2009-12-12,
2009-12-13,
2009-12-14,
2009-12-15,
2009-12-16,
2009-12-17,
2009-12-18,
2009-12-19,
2009-12-20,
2009-12-21,
2009-12-22,
2009-12-23,
2009-12-24,
2009-12-25,
2009-12-26,
2009-12-27,
2009-12-28,
2009-12-29,
2009-12-30,
2009-12-31,
2010-01-01,
2010-01-02,
2010-01-03,
2010-01-04,
2010-01-05,
2010-01-06,
2010-01-07,
2010-01-08,
2010-01-09,
2010-01-10,
2010-01-11,
2010-01-12,
2010-01-13,
2010-01-14,
2010-01-15,
2010-01-16,
2010-01-17,
2010-01-18,
2010-01-19,
2010-01-20,
2010-01-21,
2010-01-22,
2010-01-23,
2010-01-24,
2010-01-25,
2010-01-26,
2010-01-27,
2010-01-28,
2010-01-29,
2010-01-30,
2010-01-31,
2010-02-01,
2010-02-02,
2010-02-03,
2010-02-04,
2010-02-05,
2010-02-06,
2010-02-07,
2010-02-08,
2010-02-09,
2010-02-10,
2010-02-11,
2010-02-12,
2010-02-13,
2010-02-14,
2010-02-15,
2010-02-16,
2010-02-17,
2010-02-18,
2010-02-19,
2010-02-20,
2010-02-21,
2010-02-22,
2010-02-23,
2010-02-24,
2010-02-25,
2010-02-26,
2010-02-27,
2010-02-28,
2010-03-01,
2010-03-02,
2010-03-03,
2010-03-04,
2010-03-05,
2010-03-06,
2010-03-07,
2010-03-08,
2010-03-09,
2010-03-10,
2010-03-11,
2010-03-12,
2010-03-13,
2010-03-14,
2010-03-15,
2010-03-16,
2010-03-17,
2010-03-18,
2010-03-19,
2010-03-20,
2010-03-21,
2010-03-22,
2010-03-23,
2010-03-24,
2010-03-25,
2010-03-26,
2010-03-27,
2010-03-28,
2010-03-29,
2010-03-30,
2010-03-31,
2010-04-01,
2010-04-02,
2010-04-03,
2010-04-04,
2010-04-05,
2010-04-06,
2010-04-07,
2010-04-08,
2010-04-09,
2010-04-10,
2010-04-11,
2010-04-12,
2010-04-13,
2010-04-14,
2010-04-15,
2010-04-16,
2010-04-17,
2010-04-18,
2010-04-19,
2010-04-20,
2010-04-21,
2010-04-22,
2010-04-23,
2010-04-24,
2010-04-25,
2010-04-26,
2010-04-27,
2010-04-28,
2010-04-29,
2010-04-30,
2010-05-01,
2010-05-02,
2010-05-03,
2010-05-04,
2010-05-05,
2010-05-06,
2010-05-07,
2010-05-08,
2010-05-09,
2010-05-10,
2010-05-11,
2010-05-12,
2010-05-13,
2010-05-14,
2010-05-15,
2010-05-16,
2010-05-17,
2010-05-18,
2010-05-19,
2010-05-20,
2010-05-21,
2010-05-22,
2010-05-23,
2010-05-24,
2010-05-25,
2010-05-26,
2010-05-27,
2010-05-28,
2010-05-29,
2010-05-30,
2010-05-31,
2010-06-01,
2010-06-02,
2010-06-03,
2010-06-04,
2010-06-05,
2010-06-06,
2010-06-07,
2010-06-08,
2010-06-09,
2010-06-10,
2010-06-11,
2010-06-12,
2010-06-13,
2010-06-14,
2010-06-15,
2010-06-16,
2010-06-17,
2010-06-18,
2010-06-19,
2010-06-20,
2010-06-21,
2010-06-22,
2010-06-23,
2010-06-24,
2010-06-25,
2010-06-26,
2010-06-27,
2010-06-28,
2010-06-29,
2010-06-30,
2010-07-01,
2010-07-02,
2010-07-03,
2010-07-04,
2010-07-05,
2010-07-06,
2010-07-07,
2010-07-08,
2010-07-09,
2010-07-10,
2010-07-11,
2010-07-12,
2010-07-13,
2010-07-14,
2010-07-15,
2010-07-16,
2010-07-17,
2010-07-18,
2010-07-19,
2010-07-20,
2010-07-21,
2010-07-22,
2010-07-23,
2010-07-24,
2010-07-25,
2010-07-26,
2010-07-27,
2010-07-28,
2010-07-29,
2010-07-30,
2010-07-31,
2010-08-01,
2010-08-02,
2010-08-03,
2010-08-04,
2010-08-05,
2010-08-06,
2010-08-07,
2010-08-08,
2010-08-09,
2010-08-10,
2010-08-11,
2010-08-12,
2010-08-13,
2010-08-14,
2010-08-15,
2010-08-16,
2010-08-17,
2010-08-18,
2010-08-19,
2010-08-20,
2010-08-21,
2010-08-22,
2010-08-23,
2010-08-24,
2010-08-25,
2010-08-26,
2010-08-27,
2010-08-28,
2010-08-29,
2010-08-30,
2010-08-31,
2010-09-01,
2010-09-02,
2010-09-03,
2010-09-04,
2010-09-05,
2010-09-06,
2010-09-07,
2010-09-08,
2010-09-09,
2010-09-10,
2010-09-11,
2010-09-12,
2010-09-13,
2010-09-14,
2010-09-15,
2010-09-16,
2010-09-17,
2010-09-18,
2010-09-19,
2010-09-20,
2010-09-21,
2010-09-22,
2010-09-23,
2010-09-24,
2010-09-25,
2010-09-26,
2010-09-27,
2010-09-28,
2010-09-29,
2010-09-30,
2010-10-01,
2010-10-02,
2010-10-03,
2010-10-04,
2010-10-05,
2010-10-06,
2010-10-07,
2010-10-08,
2010-10-09,
2010-10-10,
2010-10-11,
2010-10-12,
2010-10-13,
2010-10-14,
2010-10-15,
2010-10-16,
2010-10-17,
2010-10-18,
2010-10-19,
2010-10-20,
2010-10-21,
2010-10-22,
2010-10-23,
2010-10-24,
2010-10-25,
2010-10-26,
2010-10-27,
2010-10-28,
2010-10-29,
2010-10-30,
2010-10-31,
2010-11-01,
2010-11-02,
2010-11-03,
2010-11-04,
2010-11-05,
2010-11-06,
2010-11-07,
2010-11-08,
2010-11-09,
2010-11-10,
2010-11-11,
2010-11-12,
2010-11-13,
2010-11-14,
2010-11-15,
2010-11-16,
2010-11-17,
2010-11-18,
2010-11-19,
2010-11-20,
2010-11-21,
2010-11-22,
2010-11-23,
2010-11-24,
2010-11-25,
2010-11-26,
2010-11-27,
2010-11-28,
2010-11-29,
2010-11-30,
2010-12-01,
2010-12-02,
2010-12-03,
2010-12-04,
2010-12-05,
2010-12-06,
2010-12-07,
2010-12-08,
2010-12-09,
2010-12-10,
2010-12-11,
2010-12-12,
2010-12-13,
2010-12-14,
2010-12-15,
2010-12-16,
2010-12-17,
2010-12-18,
2010-12-19,
2010-12-20,
2010-12-21,
2010-12-22,
2010-12-23,
2010-12-24,
2010-12-25,
2010-12-26,
2010-12-27,
2010-12-28,
2010-12-29,
2010-12-30,
2010-12-31,
2011-01-01,
2011-01-02,
2011-01-03,
2011-01-04,
2011-01-05,
2011-01-06,
2011-01-07,
2011-01-08,
2011-01-09,
2011-01-10,
2011-01-11,
2011-01-12,
2011-01-13,
2011-01-14,
2011-01-15,
2011-01-16,
2011-01-17,
2011-01-18,
2011-01-19,
2011-01-20,
2011-01-21,
2011-01-22,
2011-01-23,
2011-01-24,
2011-01-25,
2011-01-26,
2011-01-27,
2011-01-28,
2011-01-29,
2011-01-30,
2011-01-31,
2011-02-01,
2011-02-02,
2011-02-03,
2011-02-04,
2011-02-05,
2011-02-06,
2011-02-07,
2011-02-08,
2011-02-09,
2011-02-10,
2011-02-11,
2011-02-12,
2011-02-13,
2011-02-14,
2011-02-15,
2011-02-16,
2011-02-17,
2011-02-18,
2011-02-19,
2011-02-20,
2011-02-21,
2011-02-22,
2011-02-23,
2011-02-24,
2011-02-25,
2011-02-26,
2011-02-27,
2011-02-28,
2011-03-01,
2011-03-02,
2011-03-03,
2011-03-04,
2011-03-05,
2011-03-06,
2011-03-07,
2011-03-08,
2011-03-09,
2011-03-10,
2011-03-11,
2011-03-12,
2011-03-13,
2011-03-14,
2011-03-15,
2011-03-16,
2011-03-17,
2011-03-18,
2011-03-19,
2011-03-20,
2011-03-21,
2011-03-22,
2011-03-23,
2011-03-24,
2011-03-25,
2011-03-26,
2011-03-27,
2011-03-28,
2011-03-29,
2011-03-30,
2011-03-31,
2011-04-01,
2011-04-02,
2011-04-03,
2011-04-04,
2011-04-05,
2011-04-06,
2011-04-07,
2011-04-08,
2011-04-09,
2011-04-10,
2011-04-11,
2011-04-12,
2011-04-13,
2011-04-14,
2011-04-15,
2011-04-16,
2011-04-17,
2011-04-18,
2011-04-19,
2011-04-20,
2011-04-21,
2011-04-22,
2011-04-23,
2011-04-24,
2011-04-25,
2011-04-26,
2011-04-27,
2011-04-28,
2011-04-29,
2011-04-30,
2011-05-01,
2011-05-02,
2011-05-03,
2011-05-04,
2011-05-05,
2011-05-06,
2011-05-07,
2011-05-08,
2011-05-09,
2011-05-10,
2011-05-11,
2011-05-12,
2011-05-13,
2011-05-14,
2011-05-15,
2011-05-16,
2011-05-17,
2011-05-18,
2011-05-19,
2011-05-20,
2011-05-21,
2011-05-22,
2011-05-23,
2011-05-24,
2011-05-25,
2011-05-26,
2011-05-27,
2011-05-28,
2011-05-29,
2011-05-30,
2011-05-31,
2011-06-01,
2011-06-02,
2011-06-03,
2011-06-04,
2011-06-05,
2011-06-06,
2011-06-07,
2011-06-08,
2011-06-09,
2011-06-10,
2011-06-11,
2011-06-12,
2011-06-13,
2011-06-14,
2011-06-15,
2011-06-16,
2011-06-17,
2011-06-18,
2011-06-19,
2011-06-20,
2011-06-21,
2011-06-22,
2011-06-23,
2011-06-24,
2011-06-25,
2011-06-26,
2011-06-27,
2011-06-28,
2011-06-29,
2011-06-30,
2011-07-01,
2011-07-02,
2011-07-03,
2011-07-04,
2011-07-05,
2011-07-06,
2011-07-07,
2011-07-08,
2011-07-09,
2011-07-10,
2011-07-11,
2011-07-12,
2011-07-13,
2011-07-14,
2011-07-15,
2011-07-16,
2011-07-17,
2011-07-18,
2011-07-19,
2011-07-20,
2011-07-21,
2011-07-22,
2011-07-23,
2011-07-24,
2011-07-25,
2011-07-26,
2011-07-27,
2011-07-28,
2011-07-29,
2011-07-30,
2011-07-31,
2011-08-01,
2011-08-02,
2011-08-03,
2011-08-04,
2011-08-05,
2011-08-06,
2011-08-07,
2011-08-08,
2011-08-09,
2011-08-10,
2011-08-11,
2011-08-12,
2011-08-13,
2011-08-14,
2011-08-15,
2011-08-16,
2011-08-17,
2011-08-18,
2011-08-19,
2011-08-20,
2011-08-21,
2011-08-22,
2011-08-23,
2011-08-24,
2011-08-25,
2011-08-26,
2011-08-27,
2011-08-28,
2011-08-29,
2011-08-30,
2011-08-31,
2011-09-01,
2011-09-02,
2011-09-03,
2011-09-04,
2011-09-05,
2011-09-06,
2011-09-07,
2011-09-08,
2011-09-09,
2011-09-10,
2011-09-11,
2011-09-12,
2011-09-13,
2011-09-14,
2011-09-15,
2011-09-16,
2011-09-17,
2011-09-18,
2011-09-19,
2011-09-20,
2011-09-21,
2011-09-22,
2011-09-23,
2011-09-24,
2011-09-25,
2011-09-26,
2011-09-27,
2011-09-28,
2011-09-29,
2011-09-30,
2011-10-01,
2011-10-02,
2011-10-03,
2011-10-04,
2011-10-05,
2011-10-06,
2011-10-07,
2011-10-08,
2011-10-09,
2011-10-10,
2011-10-11,
2011-10-12,
2011-10-13,
2011-10-14,
2011-10-15,
2011-10-16,
2011-10-17,
2011-10-18,
2011-10-19,
2011-10-20,
2011-10-21,
2011-10-22,
2011-10-23,
2011-10-24,
2011-10-25,
2011-10-26,
2011-10-27,
2011-10-28,
2011-10-29,
2011-10-30,
2011-10-31,
2011-11-01,
2011-11-02,
2011-11-03,
2011-11-04,
2011-11-05,
2011-11-06,
2011-11-07,
2011-11-08,
2011-11-09,
2011-11-10,
2011-11-11,
2011-11-12,
2011-11-13,
2011-11-14,
2011-11-15,
2011-11-16,
2011-11-17,
2011-11-18,
2011-11-19,
2011-11-20,
2011-11-21,
2011-11-22,
2011-11-23,
2011-11-24,
2011-11-25,
2011-11-26,
2011-11-27,
2011-11-28,
2011-11-29,
2011-11-30,
2011-12-01,
2011-12-02,
2011-12-03,
2011-12-04,
2011-12-05,
2011-12-06,
2011-12-07,
2011-12-08,
2011-12-09,
2011-12-10,
2011-12-11,
2011-12-12,
2011-12-13,
2011-12-14,
2011-12-15,
2011-12-16,
2011-12-17,
2011-12-18,
2011-12-19,
2011-12-20,
2011-12-21,
2011-12-22,
2011-12-23,
2011-12-24,
2011-12-25,
2011-12-26,
2011-12-27,
2011-12-28,
2011-12-29,
2011-12-30,
2011-12-31,
2012-01-01,
2012-01-02,
2012-01-03,
2012-01-04,
2012-01-05,
2012-01-06,
2012-01-07,
2012-01-08,
2012-01-09,
2012-01-10,
2012-01-11,
2012-01-12,
2012-01-13,
2012-01-14,
2012-01-15,
2012-01-16,
2012-01-17,
2012-01-18,
2012-01-19,
2012-01-20,
2012-01-21,
2012-01-22,
2012-01-23,
2012-01-24,
2012-01-25,
2012-01-26,
2012-01-27,
2012-01-28,
2012-01-29,
2012-01-30,
2012-01-31,
2012-02-01,
2012-02-02,
2012-02-03,
2012-02-04,
2012-02-05,
2012-02-06,
2012-02-07,
2012-02-08,
2012-02-09,
2012-02-10,
2012-02-11,
2012-02-12,
2012-02-13,
2012-02-14,
2012-02-15,
2012-02-16,
2012-02-17,
2012-02-18,
2012-02-19,
2012-02-20,
2012-02-21,
2012-02-22,
2012-02-23,
2012-02-24,
2012-02-25,
2012-02-26,
2012-02-27,
2012-02-28,
2012-02-29,
2012-03-01,
2012-03-02,
2012-03-03,
2012-03-04,
2012-03-05,
2012-03-06,
2012-03-07,
2012-03-08,
2012-03-09,
2012-03-10,
2012-03-11,
2012-03-12,
2012-03-13,
2012-03-14,
2012-03-15,
2012-03-16,
2012-03-17,
2012-03-18,
2012-03-19,
2012-03-20,
2012-03-21,
2012-03-22,
2012-03-23,
2012-03-24,
2012-03-25,
2012-03-26,
2012-03-27,
2012-03-28,
2012-03-29,
2012-03-30,
2012-03-31,
2012-04-01,
2012-04-02,
2012-04-03,
2012-04-04,
2012-04-05,
2012-04-06,
2012-04-07,
2012-04-08,
2012-04-09,
2012-04-10,
2012-04-11,
2012-04-12,
2012-04-13,
2012-04-14,
2012-04-15,
2012-04-16,
2012-04-17,
2012-04-18,
2012-04-19,
2012-04-20,
2012-04-21,
2012-04-22,
2012-04-23,
2012-04-24,
2012-04-25,
2012-04-26,
2012-04-27,
2012-04-28,
2012-04-29,
2012-04-30,
2012-05-01,
2012-05-02,
2012-05-03,
2012-05-04,
2012-05-05,
2012-05-06,
2012-05-07,
2012-05-08,
2012-05-09,
2012-05-10,
2012-05-11,
2012-05-12,
2012-05-13,
2012-05-14,
2012-05-15,
2012-05-16,
2012-05-17,
2012-05-18,
2012-05-19,
2012-05-20,
2012-05-21,
2012-05-22,
2012-05-23,
2012-05-24,
2012-05-25,
2012-05-26,
2012-05-27,
2012-05-28,
2012-05-29,
2012-05-30,
2012-05-31,
2012-06-01,
2012-06-02,
2012-06-03,
2012-06-04,
2012-06-05,
2012-06-06,
2012-06-07,
2012-06-08,
2012-06-09,
2012-06-10,
2012-06-11,
2012-06-12,
2012-06-13,
2012-06-14,
2012-06-15,
2012-06-16,
2012-06-17,
2012-06-18,
2012-06-19,
2012-06-20,
2012-06-21,
2012-06-22,
2012-06-23,
2012-06-24,
2012-06-25,
2012-06-26,
2012-06-27,
2012-06-28,
2012-06-29,
2012-06-30,
2012-07-01,
2012-07-02,
2012-07-03,
2012-07-04,
2012-07-05,
2012-07-06,
2012-07-07,
2012-07-08,
2012-07-09,
2012-07-10,
2012-07-11,
2012-07-12,
2012-07-13,
2012-07-14,
2012-07-15,
2012-07-16,
2012-07-17,
2012-07-18,
2012-07-19,
2012-07-20,
2012-07-21,
2012-07-22,
2012-07-23,
2012-07-24,
2012-07-25,
2012-07-26,
2012-07-27,
2012-07-28,
2012-07-29,
2012-07-30,
2012-07-31,
2012-08-01,
2012-08-02,
2012-08-03,
2012-08-04,
2012-08-05,
2012-08-06,
2012-08-07,
2012-08-08,
2012-08-09,
2012-08-10,
2012-08-11,
2012-08-12,
2012-08-13,
2012-08-14,
2012-08-15,
2012-08-16,
2012-08-17,
2012-08-18,
2012-08-19,
2012-08-20,
2012-08-21,
2012-08-22,
2012-08-23,
2012-08-24,
2012-08-25,
2012-08-26,
2012-08-27,
2012-08-28,
2012-08-29,
2012-08-30,
2012-08-31,
2012-09-01,
2012-09-02,
2012-09-03,
2012-09-04,
2012-09-05,
2012-09-06,
2012-09-07,
2012-09-08,
2012-09-09,
2012-09-10,
2012-09-11,
2012-09-12,
2012-09-13,
2012-09-14,
2012-09-15,
2012-09-16,
2012-09-17,
2012-09-18,
2012-09-19,
2012-09-20,
2012-09-21,
2012-09-22,
2012-09-23,
2012-09-24,
2012-09-25,
2012-09-26,
2012-09-27,
2012-09-28,
2012-09-29,
2012-09-30,
2012-10-01,
2012-10-02,
2012-10-03,
2012-10-04,
2012-10-05,
2012-10-06,
2012-10-07,
2012-10-08,
2012-10-09,
2012-10-10,
2012-10-11,
2012-10-12,
2012-10-13,
2012-10-14,
2012-10-15,
2012-10-16,
2012-10-17,
2012-10-18,
2012-10-19,
2012-10-20,
2012-10-21,
2012-10-22,
2012-10-23,
2012-10-24,
2012-10-25,
2012-10-26,
2012-10-27,
2012-10-28,
2012-10-29,
2012-10-30,
2012-10-31,
2012-11-01,
2012-11-02,
2012-11-03,
2012-11-04,
2012-11-05,
2012-11-06,
2012-11-07,
2012-11-08,
2012-11-09,
2012-11-10,
2012-11-11,
2012-11-12,
2012-11-13,
2012-11-14,
2012-11-15,
2012-11-16,
2012-11-17,
2012-11-18,
2012-11-19,
2012-11-20,
2012-11-21,
2012-11-22,
2012-11-23,
2012-11-24,
2012-11-25,
2012-11-26,
2012-11-27,
2012-11-28,
2012-11-29,
2012-11-30,
2012-12-01,
2012-12-02,
2012-12-03,
2012-12-04,
2012-12-05,
2012-12-06,
2012-12-07,
2012-12-08,
2012-12-09,
2012-12-10,
2012-12-11,
2012-12-12,
2012-12-13,
2012-12-14,
2012-12-15,
2012-12-16,
2012-12-17,
2012-12-18,
2012-12-19,
2012-12-20,
2012-12-21,
2012-12-22,
2012-12-23,
2012-12-24,
2012-12-25,
2012-12-26,
2012-12-27,
2012-12-28,
2012-12-29,
2012-12-30,
2012-12-31,
2013-01-01,
2013-01-02,
2013-01-03,
2013-01-04,
2013-01-05,
2013-01-06,
2013-01-07,
2013-01-08,
2013-01-09,
2013-01-10,
2013-01-11,
2013-01-12,
2013-01-13,
2013-01-14,
2013-01-15,
2013-01-16,
2013-01-17,
2013-01-18,
2013-01-19,
2013-01-20,
2013-01-21,
2013-01-22,
2013-01-23,
2013-01-24,
2013-01-25,
2013-01-26,
2013-01-27,
2013-01-28,
2013-01-29,
2013-01-30,
2013-01-31,
2013-02-01,
2013-02-02,
2013-02-03,
2013-02-04,
2013-02-05,
2013-02-06,
2013-02-07,
2013-02-08,
2013-02-09,
2013-02-10,
2013-02-11,
2013-02-12,
2013-02-13,
2013-02-14,
2013-02-15,
2013-02-16,
2013-02-17,
2013-02-18,
2013-02-19,
2013-02-20,
2013-02-21,
2013-02-22,
2013-02-23,
2013-02-24,
2013-02-25,
2013-02-26,
2013-02-27,
2013-02-28,
2013-03-01,
2013-03-02,
2013-03-03,
2013-03-04,
2013-03-05,
2013-03-06,
2013-03-07,
2013-03-08,
2013-03-09,
2013-03-10,
2013-03-11,
2013-03-12,
2013-03-13,
2013-03-14,
2013-03-15,
2013-03-16,
2013-03-17,
2013-03-18,
2013-03-19,
2013-03-20,
2013-03-21,
2013-03-22,
2013-03-23,
2013-03-24,
2013-03-25,
2013-03-26,
2013-03-27,
2013-03-28,
2013-03-29,
2013-03-30,
2013-03-31,
2013-04-01,
2013-04-02,
2013-04-03,
2013-04-04,
2013-04-05,
2013-04-06,
2013-04-07,
2013-04-08,
2013-04-09,
2013-04-10,
2013-04-11,
2013-04-12,
2013-04-13,
2013-04-14,
2013-04-15,
2013-04-16,
2013-04-17,
2013-04-18,
2013-04-19,
2013-04-20,
2013-04-21,
2013-04-22,
2013-04-23,
2013-04-24,
2013-04-25,
2013-04-26,
2013-04-27,
2013-04-28,
2013-04-29,
2013-04-30,
2013-05-01,
2013-05-02,
2013-05-03,
2013-05-04,
2013-05-05,
2013-05-06,
2013-05-07,
2013-05-08,
2013-05-09,
2013-05-10,
2013-05-11,
2013-05-12,
2013-05-13,
2013-05-14,
2013-05-15,
2013-05-16,
2013-05-17,
2013-05-18,
2013-05-19,
2013-05-20,
2013-05-21,
2013-05-22,
2013-05-23,
2013-05-24,
2013-05-25,
2013-05-26,
2013-05-27,
2013-05-28,
2013-05-29,
2013-05-30,
2013-05-31,
2013-06-01,
2013-06-02,
2013-06-03,
2013-06-04,
2013-06-05,
2013-06-06,
2013-06-07,
2013-06-08,
2013-06-09,
2013-06-10,
2013-06-11,
2013-06-12,
2013-06-13,
2013-06-14,
2013-06-15,
2013-06-16,
2013-06-17,
2013-06-18,
2013-06-19,
2013-06-20,
2013-06-21,
2013-06-22,
2013-06-23,
2013-06-24,
2013-06-25,
2013-06-26,
2013-06-27,
2013-06-28,
2013-06-29,
2013-06-30,
2013-07-01,
2013-07-02,
2013-07-03,
2013-07-04,
2013-07-05,
2013-07-06,
2013-07-07,
2013-07-08,
2013-07-09,
2013-07-10,
2013-07-11,
2013-07-12,
2013-07-13,
2013-07-14,
2013-07-15,
2013-07-16,
2013-07-17,
2013-07-18,
2013-07-19,
2013-07-20,
2013-07-21,
2013-07-22,
2013-07-23,
2013-07-24,
2013-07-25,
2013-07-26,
2013-07-27,
2013-07-28,
2013-07-29,
2013-07-30,
2013-07-31,
2013-08-01,
2013-08-02,
2013-08-03,
2013-08-04,
2013-08-05,
2013-08-06,
2013-08-07,
2013-08-08,
2013-08-09,
2013-08-10,
2013-08-11,
2013-08-12,
2013-08-13,
2013-08-14,
2013-08-15,
2013-08-16,
2013-08-17,
2013-08-18,
2013-08-19,
2013-08-20,
2013-08-21,
2013-08-22,
2013-08-23,
2013-08-24,
2013-08-25,
2013-08-26,
2013-08-27,
2013-08-28,
2013-08-29,
2013-08-30,
2013-08-31,
2013-09-01,
2013-09-02,
2013-09-03,
2013-09-04,
2013-09-05,
2013-09-06,
2013-09-07,
2013-09-08,
2013-09-09,
2013-09-10,
2013-09-11,
2013-09-12,
2013-09-13,
2013-09-14,
2013-09-15,
2013-09-16,
2013-09-17,
2013-09-18,
2013-09-19,
2013-09-20,
2013-09-21,
2013-09-22,
2013-09-23,
2013-09-24,
2013-09-25,
2013-09-26,
2013-09-27,
2013-09-28,
2013-09-29,
2013-09-30,
2013-10-01,
2013-10-02,
2013-10-03,
2013-10-04,
2013-10-05,
2013-10-06,
2013-10-07,
2013-10-08,
2013-10-09,
2013-10-10,
2013-10-11,
2013-10-12,
2013-10-13,
2013-10-14,
2013-10-15,
2013-10-16,
2013-10-17,
2013-10-18,
2013-10-19,
2013-10-20,
2013-10-21,
2013-10-22,
2013-10-23,
2013-10-24,
2013-10-25,
2013-10-26,
2013-10-27,
2013-10-28,
2013-10-29,
2013-10-30,
2013-10-31,
2013-11-01,
2013-11-02,
2013-11-03,
2013-11-04,
2013-11-05,
2013-11-06,
2013-11-07,
2013-11-08,
2013-11-09,
2013-11-10,
2013-11-11,
2013-11-12,
2013-11-13,
2013-11-14,
2013-11-15,
2013-11-16,
2013-11-17,
2013-11-18,
2013-11-19,
2013-11-20,
2013-11-21,
2013-11-22,
2013-11-23,
2013-11-24,
2013-11-25,
2013-11-26,
2013-11-27,
2013-11-28,
2013-11-29,
2013-11-30,
2013-12-01,
2013-12-02,
2013-12-03,
2013-12-04,
2013-12-05,
2013-12-06,
2013-12-07,
2013-12-08,
2013-12-09,
2013-12-10,
2013-12-11,
2013-12-12,
2013-12-13,
2013-12-14,
2013-12-15,
2013-12-16,
2013-12-17,
2013-12-18,
2013-12-19,
2013-12-20,
2013-12-21,
2013-12-22,
2013-12-23,
2013-12-24,
2013-12-25,
2013-12-26,
2013-12-27,
2013-12-28,
2013-12-29,
2013-12-30,
2013-12-31,
2014-01-01,
2014-01-02,
2014-01-03,
2014-01-04,
2014-01-05,
2014-01-06,
2014-01-07,
2014-01-08,
2014-01-09,
2014-01-10,
2014-01-11,
2014-01-12,
2014-01-13,
2014-01-14,
2014-01-15,
2014-01-16,
2014-01-17,
2014-01-18,
2014-01-19,
2014-01-20,
2014-01-21,
2014-01-22,
2014-01-23,
2014-01-24,
2014-01-25,
2014-01-26,
2014-01-27,
2014-01-28,
2014-01-29,
2014-01-30,
2014-01-31,
2014-02-01,
2014-02-02,
2014-02-03,
2014-02-04,
2014-02-05,
2014-02-06,
2014-02-07,
2014-02-08,
2014-02-09,
2014-02-10,
2014-02-11,
2014-02-12,
2014-02-13,
2014-02-14,
2014-02-15,
2014-02-16,
2014-02-17,
2014-02-18,
2014-02-19,
2014-02-20,
2014-02-21,
2014-02-22,
2014-02-23,
2014-02-24,
2014-02-25,
2014-02-26,
2014-02-27,
2014-02-28,
2014-03-01,
2014-03-02,
2014-03-03,
2014-03-04,
2014-03-05,
2014-03-06,
2014-03-07,
2014-03-08,
2014-03-09,
2014-03-10,
2014-03-11,
2014-03-12,
2014-03-13,
2014-03-14,
2014-03-15,
2014-03-16,
2014-03-17,
2014-03-18,
2014-03-19,
2014-03-20,
2014-03-21,
2014-03-22,
2014-03-23,
2014-03-24,
2014-03-25,
2014-03-26,
2014-03-27,
2014-03-28,
2014-03-29,
2014-03-30,
2014-03-31,
2014-04-01,
2014-04-02,
2014-04-03,
2014-04-04,
2014-04-05,
2014-04-06,
2014-04-07,
2014-04-08,
2014-04-09,
2014-04-10,
2014-04-11,
2014-04-12,
2014-04-13,
2014-04-14,
2014-04-15,
2014-04-16,
2014-04-17,
2014-04-18,
2014-04-19,
2014-04-20,
2014-04-21,
2014-04-22,
2014-04-23,
2014-04-24,
2014-04-25,
2014-04-26,
2014-04-27,
2014-04-28,
2014-04-29,
2014-04-30,
2014-05-01,
2014-05-02,
2014-05-03,
2014-05-04,
2014-05-05,
2014-05-06,
2014-05-07,
2014-05-08,
2014-05-09,
2014-05-10,
2014-05-11,
2014-05-12,
2014-05-13,
2014-05-14,
2014-05-15,
2014-05-16,
2014-05-17,
2014-05-18,
2014-05-19,
2014-05-20,
2014-05-21,
2014-05-22,
2014-05-23,
2014-05-24,
2014-05-25,
2014-05-26,
2014-05-27,
2014-05-28,
2014-05-29,
2014-05-30,
2014-05-31,
2014-06-01,
2014-06-02,
2014-06-03,
2014-06-04,
2014-06-05,
2014-06-06,
2014-06-07,
2014-06-08,
2014-06-09,
2014-06-10,
2014-06-11,
2014-06-12,
2014-06-13,
2014-06-14,
2014-06-15,
2014-06-16,
2014-06-17,
2014-06-18,
2014-06-19,
2014-06-20,
2014-06-21,
2014-06-22,
2014-06-23,
2014-06-24,
2014-06-25,
2014-06-26,
2014-06-27,
2014-06-28,
2014-06-29,
2014-06-30,
2014-07-01,
2014-07-02,
2014-07-03,
2014-07-04,
2014-07-05,
2014-07-06,
2014-07-07,
2014-07-08,
2014-07-09,
2014-07-10,
2014-07-11,
2014-07-12,
2014-07-13,
2014-07-14,
2014-07-15,
2014-07-16,
2014-07-17,
2014-07-18,
2014-07-19,
2014-07-20,
2014-07-21,
2014-07-22,
2014-07-23,
2014-07-24,
2014-07-25,
2014-07-26,
2014-07-27,
2014-07-28,
2014-07-29,
2014-07-30,
2014-07-31,
2014-08-01,
2014-08-02,
2014-08-03,
2014-08-04,
2014-08-05,
2014-08-06,
2014-08-07,
2014-08-08,
2014-08-09,
2014-08-10,
2014-08-11,
2014-08-12,
2014-08-13,
2014-08-14,
2014-08-15,
2014-08-16,
2014-08-17,
2014-08-18,
2014-08-19,
2014-08-20,
2014-08-21,
2014-08-22,
2014-08-23,
2014-08-24,
2014-08-25,
2014-08-26,
2014-08-27,
2014-08-28,
2014-08-29,
2014-08-30,
2014-08-31,
2014-09-01,
2014-09-02,
2014-09-03,
2014-09-04,
2014-09-05,
2014-09-06,
2014-09-07,
2014-09-08,
2014-09-09,
2014-09-10,
2014-09-11,
2014-09-12,
2014-09-13,
2014-09-14,
2014-09-15,
2014-09-16,
2014-09-17,
2014-09-18,
2014-09-19,
2014-09-20,
2014-09-21,
2014-09-22,
2014-09-23,
2014-09-24,
2014-09-25,
2014-09-26,
2014-09-27,
2014-09-28,
2014-09-29,
2014-09-30,
2014-10-01,
2014-10-02,
2014-10-03,
2014-10-04,
2014-10-05,
2014-10-06,
2014-10-07,
2014-10-08,
2014-10-09,
2014-10-10,
2014-10-11,
2014-10-12,
2014-10-13,
2014-10-14,
2014-10-15,
2014-10-16,
2014-10-17,
2014-10-18,
2014-10-19,
2014-10-20,
2014-10-21,
2014-10-22,
2014-10-23,
2014-10-24,
2014-10-25,
2014-10-26,
2014-10-27,
2014-10-28,
2014-10-29,
2014-10-30,
2014-10-31,
2014-11-01,
2014-11-02,
2014-11-03,
2014-11-04,
2014-11-05,
2014-11-06,
2014-11-07,
2014-11-08,
2014-11-09,
2014-11-10,
2014-11-11,
2014-11-12,
2014-11-13,
2014-11-14,
2014-11-15,
2014-11-16,
2014-11-17,
2014-11-18,
2014-11-19,
2014-11-20,
2014-11-21,
2014-11-22,
2014-11-23,
2014-11-24,
2014-11-25,
2014-11-26,
2014-11-27,
2014-11-28,
2014-11-29,
2014-11-30,
2014-12-01,
2014-12-02,
2014-12-03,
2014-12-04,
2014-12-05,
2014-12-06,
2014-12-07,
2014-12-08,
2014-12-09,
2014-12-10,
2014-12-11,
2014-12-12,
2014-12-13,
2014-12-14,
2014-12-15,
2014-12-16,
2014-12-17,
2014-12-18,
2014-12-19,
2014-12-20,
2014-12-21,
2014-12-22,
2014-12-23,
2014-12-24,
2014-12-25,
2014-12-26,
2014-12-27,
2014-12-28,
2014-12-29,
2014-12-30,
2014-12-31,
2015-01-01,
2015-01-02,
2015-01-03,
2015-01-04,
2015-01-05,
2015-01-06,
2015-01-07,
2015-01-08,
2015-01-09,
2015-01-10,
2015-01-11,
2015-01-12,
2015-01-13,
2015-01-14,
2015-01-15,
2015-01-16,
2015-01-17,
2015-01-18,
2015-01-19,
2015-01-20,
2015-01-21,
2015-01-22,
2015-01-23,
2015-01-24,
2015-01-25,
2015-01-26,
2015-01-27,
2015-01-28,
2015-01-29,
2015-01-30,
2015-01-31,
2015-02-01,
2015-02-02,
2015-02-03,
2015-02-04,
2015-02-05,
2015-02-06,
2015-02-07,
2015-02-08,
2015-02-09,
2015-02-10,
2015-02-11,
2015-02-12,
2015-02-13,
2015-02-14,
2015-02-15,
2015-02-16,
2015-02-17,
2015-02-18,
2015-02-19,
2015-02-20,
2015-02-21,
2015-02-22,
2015-02-23,
2015-02-24,
2015-02-25,
2015-02-26,
2015-02-27,
2015-02-28,
2015-03-01,
2015-03-02,
2015-03-03,
2015-03-04,
2015-03-05,
2015-03-06,
2015-03-07,
2015-03-08,
2015-03-09,
2015-03-10,
2015-03-11,
2015-03-12,
2015-03-13,
2015-03-14,
2015-03-15,
2015-03-16,
2015-03-17,
2015-03-18,
2015-03-19,
2015-03-20,
2015-03-21,
2015-03-22,
2015-03-23,
2015-03-24,
2015-03-25,
2015-03-26,
2015-03-27,
2015-03-28,
2015-03-29,
2015-03-30,
2015-03-31,
2015-04-01,
2015-04-02,
2015-04-03,
2015-04-04,
2015-04-05,
2015-04-06,
2015-04-07,
2015-04-08,
2015-04-09,
2015-04-10,
2015-04-11,
2015-04-12,
2015-04-13,
2015-04-14,
2015-04-15,
2015-04-16,
2015-04-17,
2015-04-18,
2015-04-19,
2015-04-20,
2015-04-21,
2015-04-22,
2015-04-23,
2015-04-24,
2015-04-25,
2015-04-26,
2015-04-27,
2015-04-28,
2015-04-29,
2015-04-30,
2015-05-01,
2015-05-02,
2015-05-03,
2015-05-04,
2015-05-05,
2015-05-06,
2015-05-07,
2015-05-08,
2015-05-09,
2015-05-10,
2015-05-11,
2015-05-12,
2015-05-13,
2015-05-14,
2015-05-15,
2015-05-16,
2015-05-17,
2015-05-18,
2015-05-19,
2015-05-20,
2015-05-21,
2015-05-22,
2015-05-23,
2015-05-24,
2015-05-25,
2015-05-26,
2015-05-27,
2015-05-28,
2015-05-29,
2015-05-30,
2015-05-31,
2015-06-01,
2015-06-02,
2015-06-03,
2015-06-04,
2015-06-05,
2015-06-06,
2015-06-07,
2015-06-08,
2015-06-09,
2015-06-10,
2015-06-11,
2015-06-12,
2015-06-13,
2015-06-14,
2015-06-15,
2015-06-16,
2015-06-17,
2015-06-18,
2015-06-19,
2015-06-20,
2015-06-21,
2015-06-22,
2015-06-23,
2015-06-24,
2015-06-25,
2015-06-26,
2015-06-27,
2015-06-28,
2015-06-29,
2015-06-30,
2015-07-01,
2015-07-02,
2015-07-03,
2015-07-04,
2015-07-05,
2015-07-06,
2015-07-07,
2015-07-08,
2015-07-09,
2015-07-10,
2015-07-11,
2015-07-12,
2015-07-13,
2015-07-14,
2015-07-15,
2015-07-16,
2015-07-17,
2015-07-18,
2015-07-19,
2015-07-20,
2015-07-21,
2015-07-22,
2015-07-23,
2015-07-24,
2015-07-25,
2015-07-26,
2015-07-27,
2015-07-28,
2015-07-29,
2015-07-30,
2015-07-31,
2015-08-01,
2015-08-02,
2015-08-03,
2015-08-04,
2015-08-05,
2015-08-06,
2015-08-07,
2015-08-08,
2015-08-09,
2015-08-10,
2015-08-11,
2015-08-12,
2015-08-13,
2015-08-14,
2015-08-15,
2015-08-16,
2015-08-17,
2015-08-18,
2015-08-19,
2015-08-20,
2015-08-21,
2015-08-22,
2015-08-23,
2015-08-24,
2015-08-25,
2015-08-26,
2015-08-27,
2015-08-28,
2015-08-29,
2015-08-30,
2015-08-31,
2015-09-01,
2015-09-02,
2015-09-03,
2015-09-04,
2015-09-05,
2015-09-06,
2015-09-07,
2015-09-08,
2015-09-09,
2015-09-10,
2015-09-11,
2015-09-12,
2015-09-13,
2015-09-14,
2015-09-15,
2015-09-16,
2015-09-17,
2015-09-18,
2015-09-19,
2015-09-20,
2015-09-21,
2015-09-22,
2015-09-23,
2015-09-24,
2015-09-25,
2015-09-26,
2015-09-27,
2015-09-28,
2015-09-29,
2015-09-30,
2015-10-01,
2015-10-02,
2015-10-03,
2015-10-04,
2015-10-05,
2015-10-06,
2015-10-07,
2015-10-08,
2015-10-09,
2015-10-10,
2015-10-11,
2015-10-12,
2015-10-13,
2015-10-14,
2015-10-15,
2015-10-16,
2015-10-17,
2015-10-18,
2015-10-19,
2015-10-20,
2015-10-21,
2015-10-22,
2015-10-23,
2015-10-24,
2015-10-25,
2015-10-26,
2015-10-27,
2015-10-28,
2015-10-29,
2015-10-30,
2015-10-31,
2015-11-01,
2015-11-02,
2015-11-03,
2015-11-04,
2015-11-05,
2015-11-06,
2015-11-07,
2015-11-08,
2015-11-09,
2015-11-10,
2015-11-11,
2015-11-12,
2015-11-13,
2015-11-14,
2015-11-15,
2015-11-16,
2015-11-17,
2015-11-18,
2015-11-19,
2015-11-20,
2015-11-21,
2015-11-22,
2015-11-23,
2015-11-24,
2015-11-25,
2015-11-26,
2015-11-27,
2015-11-28,
2015-11-29,
2015-11-30,
2015-12-01,
2015-12-02,
2015-12-03,
2015-12-04,
2015-12-05,
2015-12-06,
2015-12-07,
2015-12-08,
2015-12-09,
2015-12-10,
2015-12-11,
2015-12-12,
2015-12-13,
2015-12-14,
2015-12-15,
2015-12-16,
2015-12-17,
2015-12-18,
2015-12-19,
2015-12-20,
2015-12-21,
2015-12-22,
2015-12-23,
2015-12-24,
2015-12-25,
2015-12-26,
2015-12-27,
2015-12-28,
2015-12-29,
2015-12-30,
2015-12-31,
2016-01-01,
2016-01-02,
2016-01-03,
2016-01-04,
2016-01-05,
2016-01-06,
2016-01-07,
2016-01-08,
2016-01-09,
2016-01-10,
2016-01-11,
2016-01-12,
2016-01-13,
2016-01-14,
2016-01-15,
2016-01-16,
2016-01-17,
2016-01-18,
2016-01-19,
2016-01-20,
2016-01-21,
2016-01-22,
2016-01-23,
2016-01-24,
2016-01-25,
2016-01-26,
2016-01-27,
2016-01-28,
2016-01-29,
2016-01-30,
2016-01-31,
2016-02-01,
2016-02-02,
2016-02-03,
2016-02-04,
2016-02-05,
2016-02-06,
2016-02-07,
2016-02-08,
2016-02-09,
2016-02-10,
2016-02-11,
2016-02-12,
2016-02-13,
2016-02-14,
2016-02-15,
2016-02-16,
2016-02-17,
2016-02-18,
2016-02-19,
2016-02-20,
2016-02-21,
2016-02-22,
2016-02-23,
2016-02-24,
2016-02-25,
2016-02-26,
2016-02-27,
2016-02-28,
2016-02-29,
2016-03-01,
2016-03-02,
2016-03-03,
2016-03-04,
2016-03-05,
2016-03-06,
2016-03-07,
2016-03-08,
2016-03-09,
2016-03-10,
2016-03-11,
2016-03-12,
2016-03-13,
2016-03-14,
2016-03-15,
2016-03-16,
2016-03-17,
2016-03-18,
2016-03-19,
2016-03-20,
2016-03-21,
2016-03-22,
2016-03-23,
2016-03-24,
2016-03-25,
2016-03-26,
2016-03-27,
2016-03-28,
2016-03-29,
2016-03-30,
2016-03-31,
2016-04-01,
2016-04-02,
2016-04-03,
2016-04-04,
2016-04-05,
2016-04-06,
2016-04-07,
2016-04-08,
2016-04-09,
2016-04-10,
2016-04-11,
2016-04-12,
2016-04-13,
2016-04-14,
2016-04-15,
2016-04-16,
2016-04-17,
2016-04-18,
2016-04-19,
2016-04-20,
2016-04-21,
2016-04-22,
2016-04-23,
2016-04-24,
2016-04-25,
2016-04-26,
2016-04-27,
2016-04-28,
2016-04-29,
2016-04-30,
2016-05-01,
2016-05-02,
2016-05-03,
2016-05-04,
2016-05-05,
2016-05-06,
2016-05-07,
2016-05-08,
2016-05-09,
2016-05-10,
2016-05-11,
2016-05-12,
2016-05-13,
2016-05-14,
2016-05-15,
2016-05-16,
2016-05-17,
2016-05-18,
2016-05-19,
2016-05-20,
2016-05-21,
2016-05-22,
2016-05-23,
2016-05-24,
2016-05-25,
2016-05-26,
2016-05-27,
2016-05-28,
2016-05-29,
2016-05-30,
2016-05-31,
2016-06-01,
2016-06-02,
2016-06-03,
2016-06-04,
2016-06-05,
2016-06-06,
2016-06-07,
2016-06-08,
2016-06-09,
2016-06-10,
2016-06-11,
2016-06-12,
2016-06-13,
2016-06-14,
2016-06-15,
2016-06-16,
2016-06-17,
2016-06-18,
2016-06-19,
2016-06-20,
2016-06-21,
2016-06-22,
2016-06-23,
2016-06-24,
2016-06-25,
2016-06-26,
2016-06-27,
2016-06-28,
2016-06-29,
2016-06-30,
2016-07-01,
2016-07-02,
2016-07-03,
2016-07-04,
2016-07-05,
2016-07-06,
2016-07-07,
2016-07-08,
2016-07-09,
2016-07-10,
2016-07-11,
2016-07-12,
2016-07-13,
2016-07-14,
2016-07-15,
2016-07-16,
2016-07-17,
2016-07-18,
2016-07-19,
2016-07-20,
2016-07-21,
2016-07-22,
2016-07-23,
2016-07-24,
2016-07-25,
2016-07-26,
2016-07-27,
2016-07-28,
2016-07-29,
2016-07-30,
2016-07-31,
2016-08-01,
2016-08-02,
2016-08-03,
2016-08-04,
2016-08-05,
2016-08-06,
2016-08-07,
2016-08-08,
2016-08-09,
2016-08-10,
2016-08-11,
2016-08-12,
2016-08-13,
2016-08-14,
2016-08-15,
2016-08-16,
2016-08-17,
2016-08-18,
2016-08-19,
2016-08-20,
2016-08-21,
2016-08-22,
2016-08-23,
2016-08-24,
2016-08-25,
2016-08-26,
2016-08-27,
2016-08-28,
2016-08-29,
2016-08-30,
2016-08-31,
2016-09-01,
2016-09-02,
2016-09-03,
2016-09-04,
2016-09-05,
2016-09-06,
2016-09-07,
2016-09-08,
2016-09-09,
2016-09-10,
2016-09-11,
2016-09-12,
2016-09-13,
2016-09-14,
2016-09-15,
2016-09-16,
2016-09-17,
2016-09-18,
2016-09-19,
2016-09-20,
2016-09-21,
2016-09-22,
2016-09-23,
2016-09-24,
2016-09-25,
2016-09-26,
2016-09-27,
2016-09-28,
2016-09-29,
2016-09-30,
2016-10-01,
2016-10-02,
2016-10-03,
2016-10-04,
2016-10-05,
2016-10-06,
2016-10-07,
2016-10-08,
2016-10-09,
2016-10-10,
2016-10-11,
2016-10-12,
2016-10-13,
2016-10-14,
2016-10-15,
2016-10-16,
2016-10-17,
2016-10-18,
2016-10-19,
2016-10-20,
2016-10-21,
2016-10-22,
2016-10-23,
2016-10-24,
2016-10-25,
2016-10-26,
2016-10-27,
2016-10-28,
2016-10-29,
2016-10-30,
2016-10-31,
2016-11-01,
2016-11-02,
2016-11-03,
2016-11-04,
2016-11-05,
2016-11-06,
2016-11-07,
2016-11-08,
2016-11-09,
2016-11-10,
2016-11-11,
2016-11-12,
2016-11-13,
2016-11-14,
2016-11-15,
2016-11-16,
2016-11-17,
2016-11-18,
2016-11-19,
2016-11-20,
2016-11-21,
2016-11-22,
2016-11-23,
2016-11-24,
2016-11-25,
2016-11-26,
2016-11-27,
2016-11-28,
2016-11-29,
2016-11-30,
2016-12-01,
2016-12-02,
2016-12-03,
2016-12-04,
2016-12-05,
2016-12-06,
2016-12-07,
2016-12-08,
2016-12-09,
2016-12-10,
2016-12-11,
2016-12-12,
2016-12-13,
2016-12-14,
2016-12-15,
2016-12-16,
2016-12-17,
2016-12-18,
2016-12-19,
2016-12-20,
2016-12-21,
2016-12-22,
2016-12-23,
2016-12-24,
2016-12-25,
2016-12-26,
2016-12-27,
2016-12-28,
2016-12-29,
2016-12-30,
2016-12-31,
2017-01-01,
2017-01-02,
2017-01-03,
2017-01-04,
2017-01-05,
2017-01-06,
2017-01-07,
2017-01-08,
2017-01-09,
2017-01-10,
2017-01-11,
2017-01-12,
2017-01-13,
2017-01-14,
2017-01-15,
2017-01-16,
2017-01-17,
2017-01-18,
2017-01-19,
2017-01-20,
2017-01-21,
2017-01-22,
2017-01-23,
2017-01-24,
2017-01-25,
2017-01-26,
2017-01-27,
2017-01-28,
2017-01-29,
2017-01-30,
2017-01-31,
2017-02-01,
2017-02-02,
2017-02-03,
2017-02-04,
2017-02-05,
2017-02-06,
2017-02-07,
2017-02-08,
2017-02-09,
2017-02-10,
2017-02-11,
2017-02-12,
2017-02-13,
2017-02-14,
2017-02-15,
2017-02-16,
2017-02-17,
2017-02-18,
2017-02-19,
2017-02-20,
2017-02-21,
2017-02-22,
2017-02-23,
2017-02-24,
2017-02-25,
2017-02-26,
2017-02-27,
2017-02-28,
2017-03-01,
2017-03-02,
2017-03-03,
2017-03-04,
2017-03-05,
2017-03-06,
2017-03-07,
2017-03-08,
2017-03-09,
2017-03-10,
2017-03-11,
2017-03-12,
2017-03-13,
2017-03-14,
2017-03-15,
2017-03-16,
2017-03-17,
2017-03-18,
2017-03-19,
2017-03-20,
2017-03-21,
2017-03-22,
2017-03-23,
2017-03-24,
2017-03-25,
2017-03-26,
2017-03-27,
2017-03-28,
2017-03-29,
2017-03-30,
2017-03-31,
2017-04-01,
2017-04-02,
2017-04-03,
2017-04-04,
2017-04-05,
2017-04-06,
2017-04-07,
2017-04-08,
2017-04-09,
2017-04-10,
2017-04-11,
2017-04-12,
2017-04-13,
2017-04-14,
2017-04-15,
2017-04-16,
2017-04-17,
2017-04-18,
2017-04-19,
2017-04-20,
2017-04-21,
2017-04-22,
2017-04-23,
2017-04-24,
2017-04-25,
2017-04-26,
2017-04-27,
2017-04-28,
2017-04-29,
2017-04-30,
2017-05-01,
2017-05-02,
2017-05-03,
2017-05-04,
2017-05-05,
2017-05-06,
2017-05-07,
2017-05-08,
2017-05-09,
2017-05-10,
2017-05-11,
2017-05-12,
2017-05-13,
2017-05-14,
2017-05-15,
2017-05-16,
2017-05-17,
2017-05-18,
2017-05-19,
2017-05-20,
2017-05-21,
2017-05-22,
2017-05-23,
2017-05-24,
2017-05-25,
2017-05-26,
2017-05-27,
2017-05-28,
2017-05-29,
2017-05-30,
2017-05-31,
2017-06-01,
2017-06-02,
2017-06-03,
2017-06-04,
2017-06-05,
2017-06-06,
2017-06-07,
2017-06-08,
2017-06-09,
2017-06-10,
2017-06-11,
2017-06-12,
2017-06-13,
2017-06-14,
2017-06-15,
2017-06-16,
2017-06-17,
2017-06-18,
2017-06-19,
2017-06-20,
2017-06-21,
2017-06-22,
2017-06-23,
2017-06-24,
2017-06-25,
2017-06-26,
2017-06-27,
2017-06-28,
2017-06-29,
2017-06-30,
2017-07-01,
2017-07-02,
2017-07-03,
2017-07-04,
2017-07-05,
2017-07-06,
2017-07-07,
2017-07-08,
2017-07-09,
2017-07-10,
2017-07-11,
2017-07-12,
2017-07-13,
2017-07-14,
2017-07-15,
2017-07-16,
2017-07-17,
2017-07-18,
2017-07-19,
2017-07-20,
2017-07-21,
2017-07-22,
2017-07-23,
2017-07-24,
2017-07-25,
2017-07-26,
2017-07-27,
2017-07-28,
2017-07-29,
2017-07-30,
2017-07-31,
2017-08-01,
2017-08-02,
2017-08-03,
2017-08-04,
2017-08-05,
2017-08-06,
2017-08-07,
2017-08-08,
2017-08-09,
2017-08-10,
2017-08-11,
2017-08-12,
2017-08-13,
2017-08-14,
2017-08-15,
2017-08-16,
2017-08-17,
2017-08-18,
2017-08-19,
2017-08-20,
2017-08-21,
2017-08-22,
2017-08-23,
2017-08-24,
2017-08-25,
2017-08-26,
2017-08-27,
2017-08-28,
2017-08-29,
2017-08-30,
2017-08-31,
2017-09-01,
2017-09-02,
2017-09-03,
2017-09-04,
2017-09-05,
2017-09-06,
2017-09-07,
2017-09-08,
2017-09-09,
2017-09-10,
2017-09-11,
2017-09-12,
2017-09-13,
2017-09-14,
2017-09-15,
2017-09-16,
2017-09-17,
2017-09-18,
2017-09-19,
2017-09-20,
2017-09-21,
2017-09-22,
2017-09-23,
2017-09-24,
2017-09-25,
2017-09-26,
2017-09-27,
2017-09-28,
2017-09-29,
2017-09-30,
2017-10-01,
2017-10-02,
2017-10-03,
2017-10-04,
2017-10-05,
2017-10-06,
2017-10-07,
2017-10-08,
2017-10-09,
2017-10-10,
2017-10-11,
2017-10-12,
2017-10-13,
2017-10-14,
2017-10-15,
2017-10-16,
2017-10-17,
2017-10-18,
2017-10-19,
2017-10-20,
2017-10-21,
2017-10-22,
2017-10-23,
2017-10-24,
2017-10-25,
2017-10-26,
2017-10-27,
2017-10-28,
2017-10-29,
2017-10-30,
2017-10-31,
2017-11-01,
2017-11-02,
2017-11-03,
2017-11-04,
2017-11-05,
2017-11-06,
2017-11-07,
2017-11-08,
2017-11-09,
2017-11-10,
2017-11-11,
2017-11-12,
2017-11-13,
2017-11-14,
2017-11-15,
2017-11-16,
2017-11-17,
2017-11-18,
2017-11-19,
2017-11-20,
2017-11-21,
2017-11-22,
2017-11-23,
2017-11-24,
2017-11-25,
2017-11-26,
2017-11-27,
2017-11-28,
2017-11-29,
2017-11-30,
2017-12-01,
2017-12-02,
2017-12-03,
2017-12-04,
2017-12-05,
2017-12-06,
2017-12-07,
2017-12-08,
2017-12-09,
2017-12-10,
2017-12-11,
2017-12-12,
2017-12-13,
2017-12-14,
2017-12-15,
2017-12-16,
2017-12-17,
2017-12-18,
2017-12-19,
2017-12-20,
2017-12-21,
2017-12-22,
2017-12-23,
2017-12-24,
2017-12-25,
2017-12-26,
2017-12-27,
2017-12-28,
2017-12-29,
2017-12-30,
2017-12-31,
2018-01-01,
2018-01-02,
2018-01-03,
2018-01-04,
2018-01-05,
2018-01-06,
2018-01-07,
2018-01-08,
2018-01-09,3.587
2018-01-10,3.654
2018-01-11,3.729
2018-01-12,3.689
2018-01-13,
2018-01-14,
2018-01-15,
2018-01-16,
2018-01-17,
2018-01-18,
2018-01-19,
2018-01-20,
2018-01-21,
2018-01-22,
2018-01-23,
2018-01-24,
2018-01-25,
2018-01-26,
2018-01-27,
2018-01-28,
2018-01-29,
2018-01-30,
2018-01-31,
2018-02-01,
2018-02-02,
2018-02-03,
2018-02-04,
2018-02-05,
2018-02-06,
2018-02-07,
2018-02-08,
2018-02-09,3.589
2018-02-10,
2018-02-11,3.732
2018-02-12,3.691
2018-02-13,
2018-02-14,
2018-02-15,
2018-02-16,
2018-02-17,
2018-02-18,
2018-02-19,
2018-02-20,
2018-02-21,
2018-02-22,
2018-02-23,
2018-02-24,
2018-02-25,
2018-02-26,
2018-02-27,
2018-02-28,
2018-03-01,
2018-03-02,
2018-03-03,
2018-03-04,
2018-03-05,
2018-03-06,
2018-03-07,
2018-03-08,
2018-03-09,3.592
2018-03-10,
2018-03-11,3.725
2018-03-12,3.693
2018-03-13,
2018-03-14,
2018-03-15,
2018-03-16,
2018-03-17,
2018-03-18,
2018-03-19,
2018-03-20,
2018-03-21,
2018-03-22,
2018-03-23,
2018-03-24,
2018-03-25,
2018-03-26,
2018-03-27,
2018-03-28,
2018-03-29,
2018-03-30,
2018-03-31,
2018-04-01,
2018-04-02,
2018-04-03,
2018-04-04,
2018-04-05,
2018-04-06,
2018-04-07,
2018-04-08,
2018-04-09,
2018-04-10,
2018-04-11,
2018-04-12,
2018-04-13,
2018-04-14,
2018-04-15,
2018-04-16,
2018-04-17,
2018-04-18,
2018-04-19,
2018-04-20,
2018-04-21,
2018-04-22,
2018-04-23,
2018-04-24,
2018-04-25,
2018-04-26,
2018-04-27,
2018-04-28,
2018-04-29,
2018-04-30,
2018-05-01,
2018-05-02,
2018-05-03,
2018-05-04,
2018-05-05,
2018-05-06,
2018-05-07,
2018-05-08,
2018-05-09,3.571
2018-05-10,3.649
2018-05-11,3.729
2018-05-12,
2018-05-13,
2018-05-14,
2018-05-15,
2018-05-16,
2018-05-17,
2018-05-18,
2018-05-19,
2018-05-20,
2018-05-21,
2018-05-22,
2018-05-23,
2018-05-24,
2018-05-25,
2018-05-26,
2018-05-27,
2018-05-28,
2018-05-29,
2018-05-30,
2018-05-31,
2018-06-01,
2018-06-02,
2018-06-03,
2018-06-04,
2018-06-05,
2018-06-06,
2018-06-07,
2018-06-08,
2018-06-09,
2018-06-10,3.661
2018-06-11,
2018-06-12,3.693
2018-06-13,
2018-06-14,
2018-06-15,
2018-06-16,
2018-06-17,
2018-06-18,
2018-06-19,
2018-06-20,
2018-06-21,
2018-06-22,
2018-06-23,
2018-06-24,
2018-06-25,
2018-06-26,
2018-06-27,
2018-06-28,
2018-06-29,
2018-06-30,
2018-07-01,
2018-07-02,
2018-07-03,
2018-07-04,
2018-07-05,
2018-07-06,
2018-07-07,
2018-07-08,
2018-07-09,
2018-07-10,3.664
2018-07-11,3.743
2018-07-12,
2018-07-13,
2018-07-14,
2018-07-15,
2018-07-16,
2018-07-17,
2018-07-18,
2018-07-19,
2018-07-20,
2018-07-21,
2018-07-22,
2018-07-23,
2018-07-24,
2018-07-25,
2018-07-26,
2018-07-27,
2018-07-28,
2018-07-29,
2018-07-30,
2018-07-31,
2018-08-01,
2018-08-02,
2018-08-03,
2018-08-04,
2018-08-05,
2018-08-06,
2018-08-07,
2018-08-08,
2018-08-09,
2018-08-10,3.666
2018-08-11,
2018-08-12,3.709
2018-08-13,
2018-08-14,
2018-08-15,3.545
2018-08-16,3.544
2018-08-17,3.541
2018-08-18,3.552
2018-08-19,3.554
2018-08-20,3.556
2018-08-21,3.559
2018-08-22,3.561
2018-08-23,3.563
2018-08-24,3.565
2018-08-25,3.567
2018-08-26,3.569
2018-08-27,3.572
2018-08-28,3.574
2018-08-29,3.569
2018-08-30,3.583
2018-08-31,3.585
2018-09-01,
2018-09-02,
2018-09-03,3.592
2018-09-04,
2018-09-05,3.571
2018-09-06,
2018-09-07,
2018-09-08,3.602
2018-09-09,3.604
2018-09-10,3.607
2018-09-11,3.649
2018-09-12,3.711
2018-09-13,3.612
2018-09-14,3.617
2018-09-15,3.604
2018-09-16,3.606
2018-09-17,3.609
2018-09-18,3.626
2018-09-19,3.617
2018-09-20,3.617
2018-09-21,3.624
2018-09-22,3.626
2018-09-23,3.629
2018-09-24,3.631
2018-09-25,3.634
2018-09-26,3.636
2018-09-27,3.637
2018-09-28,3.641
2018-09-29,3.649
2018-09-30,3.651
2018-10-01,3.654
2018-10-02,
2018-10-03,
2018-10-04,3.65
2018-10-05,3.649
2018-10-06,3.661
2018-10-07,3.664
2018-10-08,3.666
2018-10-09,3.669
2018-10-10,3.665
2018-10-11,3.661
2018-10-12,3.677
2018-10-13,3.669
2018-10-14,3.671
2018-10-15,3.674
2018-10-16,3.683
2018-10-17,3.686
2018-10-18,3.692
2018-10-19,3.694
2018-10-20,3.703
2018-10-21,3.705
2018-10-22,3.707
2018-10-23,3.705
2018-10-24,3.712
2018-10-25,3.715
2018-10-26,3.717
2018-10-27,3.719
2018-10-28,3.721
2018-10-29,3.724
2018-10-30,3.726
2018-10-31,3.729
2018-11-01,
2018-11-02,
2018-11-03,3.725
2018-11-04,3.727
2018-11-05,3.729
2018-11-06,
2018-11-07,
2018-11-08,
2018-11-09,3.609
2018-11-10,3.667
2018-11-11,3.663
2018-11-12,3.666
2018-11-13,3.69
2018-11-14,3.64
2018-11-15,3.604
2018-11-16,3.623
2018-11-17,3.612
2018-11-18,3.614
2018-11-19,3.616
2018-11-20,3.633
2018-11-21,3.642
2018-11-22,3.659
2018-11-23,3.66
2018-11-24,3.667
2018-11-25,3.669
2018-11-26,3.671
2018-11-27,3.654
2018-11-28,3.664
2018-11-29,3.681
2018-11-30,3.667
2018-12-01,
2018-12-02,
2018-12-03,3.693
2018-12-04,
2018-12-05,
2018-12-06,
2018-12-07,3.703
2018-12-08,
2018-12-09,3.611
2018-12-10,3.677
2018-12-11,3.719
2018-12-12,3.716
2018-12-13,3.72
2018-12-14,3.734
2018-12-15,3.729
2018-12-16,3.731
2018-12-17,3.734
2018-12-18,3.743
2018-12-19,3.904
2018-12-20,3.906
2018-12-21,3.893
2018-12-22,3.897
2018-12-23,3.899
2018-12-24,3.902
2018-12-25,3.904
2018-12-26,3.915
2018-12-27,3.924
2018-12-28,3.921
2018-12-29,3.931
2018-12-30,3.933
2018-12-31,3.936
2019-01-01,3.934
2019-01-02,4.001
2019-01-03,4.182
2019-01-04,4.268
2019-01-05,3.958
2019-01-06,3.961
2019-01-07,4.358
2019-01-08,3.969
2019-01-09,3.981
2019-01-10,4.018
2019-01-11,3.982
2019-01-12,3.671
2019-01-13,3.991
2019-01-14,3.993
2019-01-15,3.96
2019-01-16,3.973
2019-01-17,3.963
2019-01-18,3.959
2019-01-19,3.97
2019-01-20,3.972
2019-01-21,3.974
2019-01-22,3.969
2019-01-23,3.964
2019-01-24,3.985
2019-01-25,3.99
2019-01-26,4.0
2019-01-27,4.002
2019-01-28,4.005
2019-01-29,3.991
2019-01-30,4.005
2019-01-31,4.007
2019-02-01,3.936
2019-02-02,4.009
2019-02-03,4.012
2019-02-04,4.264
2019-02-05,4.013
2019-02-06,4.225
2019-02-07,4.004
2019-02-08,4.257
2019-02-09,4.293
2019-02-10,4.003
2019-02-11,3.801
2019-02-12,3.672
2019-02-13,4.013
2019-02-14,4.007
2019-02-15,3.998
2019-02-16,4.001
2019-02-17,4.003
2019-02-18,4.006
2019-02-19,4.178
2019-02-20,4.185
2019-02-21,4.182
2019-02-22,4.178
2019-02-23,4.172
2019-02-24,4.174
2019-02-25,4.176
2019-02-26,4.178
2019-02-27,4.187
2019-02-28,4.18
2019-03-01,4.182
2019-03-02,4.012
2019-03-03,4.186
2019-03-04,4.188
2019-03-05,4.349
2019-03-06,4.182
2019-03-07,4.19
2019-03-08,4.177
2019-03-09,4.204
2019-03-10,4.207
2019-03-11,3.802
2019-03-12,3.687
2019-03-13,4.22
2019-03-14,4.226
2019-03-15,4.234
2019-03-16,4.234
2019-03-17,4.236
2019-03-18,4.238
2019-03-19,4.21
2019-03-20,4.241
2019-03-21,4.251
2019-03-22,4.253
2019-03-23,4.24
2019-03-24,4.243
2019-03-25,4.245
2019-03-26,4.259
2019-03-27,4.18
2019-03-28,4.186
2019-03-29,4.252
2019-03-30,4.263
2019-03-31,4.265
2019-04-01,3.954
2019-04-02,4.014
2019-04-03,4.188
2019-04-04,4.248
2019-04-05,4.351
2019-04-06,4.259
2019-04-07,4.261
2019-04-08,4.256
2019-04-09,4.222
2019-04-10,3.946
2019-04-11,4.24
2019-04-12,4.276
2019-04-13,4.253
2019-04-14,4.255
2019-04-15,4.258
2019-04-16,4.258
2019-04-17,4.289
2019-04-18,4.291
2019-04-19,4.301
2019-04-20,4.292
2019-04-21,4.295
2019-04-22,4.298
2019-04-23,4.258
2019-04-24,4.261
2019-04-25,4.311
2019-04-26,4.314
2019-04-27,4.328
2019-04-28,4.33
2019-04-29,4.333
2019-04-30,4.345
2019-05-01,4.346
2019-05-02,4.349
2019-05-03,4.189
2019-05-04,4.264
2019-05-05,4.354
2019-05-06,4.234
2019-05-07,4.356
2019-05-08,4.258
2019-05-09,4.381
2019-05-10,3.902
2019-05-11,4.401
2019-05-12,4.404
2019-05-13,4.407
2019-05-14,4.401
2019-05-15,4.165
2019-05-16,4.177
2019-05-17,4.174
2019-05-18,4.184
2019-05-19,4.187
2019-05-20,4.189
2019-05-21,4.19
2019-05-22,4.2
2019-05-23,4.195
2019-05-24,4.197
2019-05-25,4.205
2019-05-26,4.207
2019-05-27,4.21
2019-05-28,4.212
2019-05-29,4.213
2019-05-30,4.217
2019-05-31,4.212
2019-06-01,4.222
2019-06-02,4.225
2019-06-03,4.182
2019-06-04,4.259
2019-06-05,4.357
2019-06-06,4.236
2019-06-07,4.239
2019-06-08,4.227
2019-06-09,4.178
2019-06-10,3.904
2019-06-11,4.235
2019-06-12,4.285
2019-06-13,4.28
2019-06-14,4.279
2019-06-15,4.279
2019-06-16,4.281
2019-06-17,4.284
2019-06-18,4.295
2019-06-19,4.281
2019-06-20,4.289
2019-06-21,4.264
2019-06-22,4.253
2019-06-23,4.255
2019-06-24,4.258
2019-06-25,4.247
2019-06-26,4.239
2019-06-27,4.227
2019-06-28,4.241
2019-06-29,4.353
2019-06-30,4.355
2019-07-01,4.358
2019-07-02,4.333
2019-07-03,4.338
2019-07-04,4.261
2019-07-05,4.352
2019-07-06,4.371
2019-07-07,4.373
2019-07-08,4.207
2019-07-09,4.181
2019-07-10,3.905
2019-07-11,3.778
2019-07-12,3.762
2019-07-13,4.331
2019-07-14,4.333
2019-07-15,4.335
2019-07-16,4.338
2019-07-17,4.329
2019-07-18,4.294
2019-07-19,4.277
2019-07-20,4.278
2019-07-21,4.281
2019-07-22,4.283
2019-07-23,4.277
2019-07-24,4.275
2019-07-25,4.28
2019-07-26,4.261
2019-07-27,4.229
2019-07-28,4.231
2019-07-29,4.233
2019-07-30,4.2
2019-07-31,4.256
2019-08-01,3.969
2019-08-02,4.257
2019-08-03,4.177
2019-08-04,4.256
2019-08-05,4.379
2019-08-06,4.227
2019-08-07,4.376
2019-08-08,4.189
2019-08-09,4.14
2019-08-10,3.92
2019-08-11,3.734
2019-08-12,3.763
2019-08-13,4.142
2019-08-14,4.143
2019-08-15,4.145
2019-08-16,4.12
2019-08-17,4.098
2019-08-18,4.099
2019-08-19,4.101
2019-08-20,4.102
2019-08-21,4.177
2019-08-22,4.204
2019-08-23,4.229
2019-08-24,4.275
2019-08-25,4.277
2019-08-26,4.279
2019-08-27,4.285
2019-08-28,4.303
2019-08-29,4.291
2019-08-30,4.287
2019-08-31,4.289
2019-09-01,3.981
2019-09-02,4.293
2019-09-03,4.204
2019-09-04,4.253
2019-09-05,4.381
2019-09-06,4.23
2019-09-07,4.262
2019-09-08,4.14
2019-09-09,4.185
2019-09-10,4.173
2019-09-11,3.772
2019-09-12,3.765
2019-09-13,4.103
2019-09-14,4.102
2019-09-15,4.104
2019-09-16,4.106
2019-09-17,4.127
2019-09-18,4.164
2019-09-19,4.129
2019-09-20,4.13
2019-09-21,4.139
2019-09-22,4.141
2019-09-23,4.142
2019-09-24,4.143
2019-09-25,4.087
2019-09-26,4.072
2019-09-27,4.052
2019-09-28,4.02
2019-09-29,4.022
2019-09-30,4.023
2019-10-01,4.018
2019-10-02,4.014
2019-10-03,3.997
2019-10-04,3.946
2019-10-05,3.902
2019-10-06,4.233
2019-10-07,4.312
2019-10-08,3.92
2019-10-09,3.924
2019-10-10,3.924
2019-10-11,3.773
2019-10-12,3.735
2019-10-13,3.993
2019-10-14,3.994
2019-10-15,4.153
2019-10-16,4.24
2019-10-17,4.311
2019-10-18,4.287
2019-10-19,4.13
2019-10-20,4.132
2019-10-21,4.134
2019-10-22,4.049
2019-10-23,4.035
2019-10-24,4.006
2019-10-25,3.969
2019-10-26,3.851
2019-10-27,3.852
2019-10-28,3.853
2019-10-29,3.855
2019-10-30,3.856
2019-10-31,3.862
2019-11-01,3.982
2019-11-02,3.801
2019-11-03,3.802
2019-11-04,3.804
2019-11-05,3.775
2019-11-06,3.763
2019-11-07,4.339
2019-11-08,4.138
2019-11-09,3.772
2019-11-10,3.995
2019-11-11,3.775
2019-11-12,3.66
2019-11-13,3.705
2019-11-14,3.65
2019-11-15,3.648
2019-11-16,3.659
2019-11-17,3.66
2019-11-18,3.661
2019-11-19,3.64
2019-11-20,3.641
2019-11-21,3.653
2019-11-22,3.67
2019-11-23,3.708
2019-11-24,3.709
2019-11-25,3.71
2019-11-26,3.714
2019-11-27,3.68
2019-11-28,3.716
2019-11-29,3.651
2019-11-30,3.67
2019-12-01,3.988
2019-12-02,3.672
2019-12-03,4.215
2019-12-04,4.276
2019-12-05,3.703
2019-12-06,3.632
2019-12-07,3.762
2019-12-08,3.763
2019-12-09,4.139
2019-12-10,3.991
2019-12-11,3.66
2019-12-12,3.658
2019-12-13,3.634
2019-12-14,3.598
2019-12-15,3.599
2019-12-16,3.6
2019-12-17,3.606
2019-12-18,3.601
2019-12-19,3.641
2019-12-20,3.615
2019-12-21,3.593
2019-12-22,3.595
2019-12-23,3.596
2019-12-24,3.665
2019-12-25,3.597
2019-12-26,3.598
2019-12-27,3.583
2019-12-28,3.576
2019-12-29,3.578
2019-12-30,3.579
2019-12-31,3.549
2020-01-01,3.609
2020-01-02,3.55
2020-01-03,3.97
2020-01-04,3.734
2020-01-05,3.693
2020-01-06,3.031
2020-01-07,3.711
2020-01-08,3.687
2020-01-09,4.257
2020-01-10,4.151
2020-01-11,4.828
2020-01-12,3.631
2020-01-13,3.632
2020-01-14,3.619
2020-01-15,3.572
2020-01-16,3.518
2020-01-17,3.48
2020-01-18,3.44
2020-01-19,3.441
2020-01-20,3.442
2020-01-21,3.462
2020-01-22,3.48
2020-01-23,3.458
2020-01-24,3.467
2020-01-25,3.486
2020-01-26,3.486
2020-01-27,3.487
2020-01-28,3.439
2020-01-29,3.462
2020-01-30,3.506
2020-01-31,3.539
2020-02-01,3.61
2020-02-02,3.551
2020-02-03,3.971
2020-02-04,3.572
2020-02-05,3.542
2020-02-06,2.879
2020-02-07,3.258
2020-02-08,3.603
2020-02-09,3.604
2020-02-10,3.605
2020-02-11,3.75
2020-02-12,4.9
2020-02-13,3.753
2020-02-14,3.787
2020-02-15,3.743
2020-02-16,3.744
2020-02-17,3.745
2020-02-18,3.723
2020-02-19,3.735
2020-02-20,3.725
2020-02-21,3.783
2020-02-22,3.844
2020-02-23,3.846
2020-02-24,3.847
2020-02-25,3.861
2020-02-26,3.842
2020-02-27,3.851
2020-02-28,3.868
2020-02-29,3.968
2020-03-01,3.97
2020-03-02,3.971
2020-03-03,3.854
2020-03-04,3.764
2020-03-05,2.998
2020-03-06,2.975
2020-03-07,3.732
2020-03-08,3.494
2020-03-09,4.173
2020-03-10,3.815
2020-03-11,3.756
2020-03-12,4.972
2020-03-13,3.745
2020-03-14,3.772
2020-03-15,3.773
2020-03-16,3.774
2020-03-17,3.882
2020-03-18,3.84
2020-03-19,3.669
2020-03-20,3.775
2020-03-21,3.739
2020-03-22,3.74
2020-03-23,3.741
2020-03-24,3.757
2020-03-25,3.773
2020-03-26,3.707
2020-03-27,3.735
2020-03-28,3.743
2020-03-29,3.744
2020-03-30,3.745
2020-03-31,3.727
2020-04-01,3.734
2020-04-02,3.572
2020-04-03,3.764
2020-04-04,3.829
2020-04-05,2.998
2020-04-06,3.831
2020-04-07,3.36
2020-04-08,3.495
2020-04-09,4.154
2020-04-10,3.7
2020-04-11,4.984
2020-04-12,3.702
2020-04-13,3.703
2020-04-14,3.667
2020-04-15,3.692
2020-04-16,3.752
2020-04-17,3.661
2020-04-18,3.663
2020-04-19,3.664
2020-04-20,3.665
2020-04-21,3.402
2020-04-22,3.315
2020-04-23,3.235
2020-04-24,3.236
2020-04-25,3.04
2020-04-26,3.04
2020-04-27,3.041
2020-04-28,3.012
2020-04-29,3.042
2020-04-30,3.022
2020-05-01,2.996
2020-05-02,3.542
2020-05-03,3.767
2020-05-04,3.83
2020-05-05,2.91
2020-05-06,3.046
2020-05-07,3.361
2020-05-08,3.462
2020-05-09,3.074
2020-05-10,3.075
2020-05-11,5.025
2020-05-12,3.029
2020-05-13,3.03
2020-05-14,3.031
2020-05-15,3.014
2020-05-16,3.073
2020-05-17,3.073
2020-05-18,3.074
2020-05-19,3.069
2020-05-20,3.07
2020-05-21,3.023
2020-05-22,3.032
2020-05-23,3.028
2020-05-24,3.029
2020-05-25,3.029
2020-05-26,3.03
2020-05-27,3.031
2020-05-28,3.052
2020-05-29,3.029
2020-05-30,3.03
2020-05-31,3.03
2020-06-01,3.031
2020-06-02,2.879
2020-06-03,3.747
2020-06-04,3.019
2020-06-05,3.046
2020-06-06,3.057
2020-06-07,3.058
2020-06-08,3.058
2020-06-09,4.195
2020-06-10,4.145
2020-06-11,5.046
2020-06-12,3.071
2020-06-13,3.143
2020-06-14,3.143
2020-06-15,3.144
2020-06-16,3.14
2020-06-17,3.117
2020-06-18,3.124
2020-06-19,3.135
2020-06-20,3.127
2020-06-21,3.128
2020-06-22,3.129
2020-06-23,3.112
2020-06-24,3.133
2020-06-25,3.147
2020-06-26,3.164
2020-06-27,3.202
2020-06-28,3.202
2020-06-29,3.203
2020-06-30,3.24
2020-07-01,3.237
2020-07-02,3.574
2020-07-03,3.732
2020-07-04,3.8
2020-07-05,3.361
2020-07-06,3.362
2020-07-07,3.333
2020-07-08,3.348
2020-07-09,4.196
2020-07-10,3.292
2020-07-11,3.289
2020-07-12,5.057
2020-07-13,3.291
2020-07-14,3.271
2020-07-15,3.299
2020-07-16,3.299
2020-07-17,3.303
2020-07-18,3.287
2020-07-19,3.288
2020-07-20,3.289
2020-07-21,3.274
2020-07-22,3.341
2020-07-23,3.363
2020-07-24,3.418
2020-07-25,3.437
2020-07-26,3.438
2020-07-27,3.439
2020-07-28,3.372
2020-07-29,3.419
2020-07-30,3.49
2020-07-31,3.491
2020-08-01,3.687
2020-08-02,3.493
2020-08-03,3.494
2020-08-04,3.495
2020-08-05,3.462
2020-08-06,3.5
2020-08-07,3.553
2020-08-08,3.735
2020-08-09,4.116
2020-08-10,3.737
2020-08-11,5.01
2020-08-12,4.081
2020-08-13,4.044
2020-08-14,4.162
2020-08-15,4.146
2020-08-16,4.148
2020-08-17,4.149
2020-08-18,4.235
2020-08-19,4.274
2020-08-20,4.328
2020-08-21,4.222
2020-08-22,4.19
2020-08-23,4.191
2020-08-24,4.192
2020-08-25,4.238
2020-08-26,4.343
2020-08-27,4.325
2020-08-28,4.289
2020-08-29,4.21
2020-08-30,4.211
2020-08-31,4.213
2020-09-01,3.683
2020-09-02,3.604
2020-09-03,3.734
2020-09-04,4.154
2020-09-05,3.074
2020-09-06,3.062
2020-09-07,3.288
2020-09-08,3.736
2020-09-09,4.21
2020-09-10,3.004
2020-09-11,5.012
2020-09-12,4.175
2020-09-13,4.176
2020-09-14,4.178
2020-09-15,4.203
2020-09-16,4.089
2020-09-17,4.026
2020-09-18,4.09
2020-09-19,4.098
2020-09-20,4.1
2020-09-21,4.101
2020-09-22,4.062
2020-09-23,4.065
2020-09-24,4.095
2020-09-25,4.113
2020-09-26,4.118
2020-09-27,4.119
2020-09-28,4.121
2020-09-29,4.159
2020-09-30,4.14
2020-10-01,4.151
2020-10-02,3.605
2020-10-03,4.166
2020-10-04,3.7
2020-10-05,3.075
2020-10-06,4.145
2020-10-07,3.292
2020-10-08,3.737
2020-10-09,3.004
2020-10-10,4.152
2020-10-11,4.153
2020-10-12,4.154
2020-10-13,4.183
2020-10-14,4.335
2020-10-15,4.421
2020-10-16,4.401
2020-10-17,4.638
2020-10-18,4.639
2020-10-19,4.641
2020-10-20,4.444
2020-10-21,4.472
2020-10-22,4.388
2020-10-23,4.436
2020-10-24,4.501
2020-10-25,4.502
2020-10-26,4.504
2020-10-27,4.587
2020-10-28,4.675
2020-10-29,4.676
2020-10-30,4.678
2020-10-31,4.826
2020-11-01,4.828
2020-11-02,4.83
2020-11-03,4.977
2020-11-04,4.984
2020-11-05,5.025
2020-11-06,3.039
2020-11-07,5.008
2020-11-08,5.01
2020-11-09,5.012
2020-11-10,4.153
2020-11-11,4.945
2020-11-12,4.842
2020-11-13,4.786
2020-11-14,4.749
2020-11-15,4.751
2020-11-16,4.753
2020-11-17,4.743
2020-11-18,4.73
2020-11-19,4.75
2020-11-20,4.751
2020-11-21,4.827
2020-11-22,4.829
2020-11-23,4.831
2020-11-24,4.888
2020-11-25,4.925
2020-11-26,4.887
2020-11-27,4.919
2020-11-28,4.914
2020-11-29,4.916
2020-11-30,4.918
2020-12-01,4.926
2020-12-02,3.796
2020-12-03,3.729
2020-12-04,3.702
2020-12-05,3.029
2020-12-06,3.071
2020-12-07,3.29
2020-12-08,5.127
2020-12-09,5.256
2020-12-10,4.154
2020-12-11,4.893
2020-12-12,5.109
2020-12-13,5.111
2020-12-14,5.113
2020-12-15,4.632
2020-12-16,5.088
2020-12-17,5.101
2020-12-18,5.108
2020-12-19,5.096
2020-12-20,5.098
2020-12-21,5.1
2020-12-22,5.124
2020-12-23,5.108
2020-12-24,5.11
2020-12-25,5.148
2020-12-26,5.111
2020-12-27,5.113
2020-12-28,5.115
2020-12-29,5.135
2020-12-30,5.174
2020-12-31,5.163
2021-01-01,5.192
2021-01-02,5.194
2021-01-03,5.196
2021-01-04,5.198
2021-01-05,5.284
2021-01-06,5.12
2021-01-07,6.098
2021-01-08,5.099
2021-01-09,5.124
2021-01-10,5.126
2021-01-11,5.129
2021-01-12,5.157
2021-01-13,5.138
2021-01-14,5.129
2021-01-15,5.147
2021-01-16,5.129
2021-01-17,5.131
2021-01-18,5.133
2021-01-19,5.104
2021-01-20,5.103
2021-01-21,5.106
2021-01-22,5.096
2021-01-23,5.107
2021-01-24,5.109
2021-01-25,5.111
2021-01-26,5.07
2021-01-27,5.051
2021-01-28,5.025
2021-01-29,5.039
2021-01-30,5.049
2021-01-31,5.051
2021-02-01,5.194
2021-02-02,5.042
2021-02-03,5.082
2021-02-04,5.866
2021-02-05,5.928
2021-02-06,5.132
2021-02-07,5.135
2021-02-08,6.243
2021-02-09,5.179
2021-02-10,6.257
2021-02-11,5.074
2021-02-12,5.153
2021-02-13,5.061
2021-02-14,5.063
2021-02-15,5.065
2021-02-16,5.1
2021-02-17,5.083
2021-02-18,5.061
2021-02-19,5.135
2021-02-20,5.113
2021-02-21,5.115
2021-02-22,5.117
2021-02-23,5.086
2021-02-24,5.088
2021-02-25,5.276
2021-02-26,5.314
2021-02-27,5.076
2021-02-28,5.078
2021-03-01,5.08
2021-03-02,5.077
2021-03-03,5.248
2021-03-04,5.25
2021-03-05,5.329
2021-03-06,6.002
2021-03-07,6.104
2021-03-08,6.246
2021-03-09,6.321
2021-03-10,5.371
2021-03-11,5.373
2021-03-12,5.365
2021-03-13,5.366
2021-03-14,5.368
2021-03-15,5.371
2021-03-16,5.357
2021-03-17,5.477
2021-03-18,5.348
2021-03-19,5.496
2021-03-20,5.335
2021-03-21,5.338
2021-03-22,5.34
2021-03-23,5.673
2021-03-24,6.046
2021-03-25,5.979
2021-03-26,5.982
2021-03-27,5.945
2021-03-28,5.948
2021-03-29,5.951
2021-03-30,5.959
2021-03-31,5.908
2021-04-01,5.916
2021-04-02,5.866
2021-04-03,5.25
2021-04-04,5.921
2021-04-05,5.924
2021-04-06,5.934
2021-04-07,5.852
2021-04-08,5.847
2021-04-09,6.328
2021-04-10,5.818
2021-04-11,5.821
2021-04-12,6.533
2021-04-13,5.738
2021-04-14,5.843
2021-04-15,5.809
2021-04-16,5.767
2021-04-17,5.636
2021-04-18,5.638
2021-04-19,5.641
2021-04-20,5.641
2021-04-21,5.691
2021-04-22,5.719
2021-04-23,5.742
2021-04-24,5.744
2021-04-25,5.747
2021-04-26,5.75
2021-04-27,5.792
2021-04-28,5.82
2021-04-29,5.857
2021-04-30,5.889
2021-05-01,5.284
2021-05-02,5.062
2021-05-03,5.931
2021-05-04,5.924
2021-05-05,5.945
2021-05-06,5.962
2021-05-07,5.941
2021-05-08,6.3
2021-05-09,5.947
2021-05-10,5.95
2021-05-11,5.997
2021-05-12,5.926
2021-05-13,5.929
2021-05-14,5.931
2021-05-15,5.934
2021-05-16,5.937
2021-05-17,5.94
2021-05-18,5.943
2021-05-19,5.988
2021-05-20,5.991
2021-05-21,5.915
2021-05-22,5.917
2021-05-23,5.92
2021-05-24,5.923
2021-05-25,5.989
2021-05-26,5.95
2021-05-27,5.952
2021-05-28,5.929
2021-05-29,5.932
2021-05-30,5.935
2021-05-31,5.938
2021-06-01,5.12
2021-06-02,5.957
2021-06-03,6.002
2021-06-04,5.99
2021-06-05,5.962
2021-06-06,5.965
2021-06-07,5.968
2021-06-08,6.014
2021-06-09,6.017
2021-06-10,6.256
2021-06-11,6.004
2021-06-12,6.026
2021-06-13,6.029
2021-06-14,6.032
2021-06-15,6.035
2021-06-16,6.038
2021-06-17,6.01
2021-06-18,6.013
2021-06-19,6.024
2021-06-20,6.027
2021-06-21,6.029
2021-06-22,5.996
2021-06-23,5.949
2021-06-24,6.044
2021-06-25,6.077
2021-06-26,6.158
2021-06-27,6.161
2021-06-28,6.164
2021-06-29,6.002
2021-06-30,6.111
2021-07-01,5.076
2021-07-02,6.101
2021-07-03,5.333
2021-07-04,5.852
2021-07-05,6.11
2021-07-06,6.217
2021-07-07,6.219
2021-07-08,6.209
2021-07-09,6.199
2021-07-10,6.202
2021-07-11,6.007
2021-07-12,6.208
2021-07-13,6.211
2021-07-14,6.223
2021-07-15,6.213
2021-07-16,6.216
2021-07-17,6.282
2021-07-18,6.286
2021-07-19,6.289
2021-07-20,6.292
2021-07-21,6.295
2021-07-22,6.298
2021-07-23,6.301
2021-07-24,6.305
2021-07-25,6.308
2021-07-26,6.311
2021-07-27,6.26
2021-07-28,6.244
2021-07-29,6.198
2021-07-30,6.234
2021-07-31,6.237
2021-08-01,5.099
2021-08-02,6.243
2021-08-03,5.335
2021-08-04,5.847
2021-08-05,6.3
2021-08-06,6.303
2021-08-07,6.331
2021-08-08,6.334
2021-08-09,6.338
2021-08-10,6.337
2021-08-11,6.474
2021-08-12,6.355
2021-08-13,6.358
2021-08-14,6.344
2021-08-15,6.347
2021-08-16,6.351
2021-08-17,6.349
2021-08-18,6.338
2021-08-19,6.337
2021-08-20,6.357
2021-08-21,6.38
2021-08-22,6.383
2021-08-23,6.386
2021-08-24,6.385
2021-08-25,6.378
2021-08-26,6.383
2021-08-27,6.396
2021-08-28,6.392
2021-08-29,6.395
2021-08-30,6.398
2021-08-31,6.401
2021-09-01,5.124
2021-09-02,5.179
2021-09-03,5.369
2021-09-04,6.328
2021-09-05,6.331
2021-09-06,6.017
2021-09-07,6.199
2021-09-08,6.356
2021-09-09,6.29
2021-09-10,6.311
2021-09-11,6.235
2021-09-12,6.593
2021-09-13,6.241
2021-09-14,6.294
2021-09-15,6.275
2021-09-16,6.313
2021-09-17,6.247
2021-09-18,6.295
2021-09-19,6.298
2021-09-20,6.301
2021-09-21,6.248
2021-09-22,6.253
2021-09-23,6.25
2021-09-24,6.276
2021-09-25,6.306
2021-09-26,6.309
2021-09-27,6.312
2021-09-28,6.315
2021-09-29,6.316
2021-09-30,6.309
2021-10-01,5.126
2021-10-02,6.257
2021-10-03,5.371
2021-10-04,6.263
2021-10-05,6.278
2021-10-06,6.02
2021-10-07,6.202
2021-10-08,6.337
2021-10-09,6.224
2021-10-10,6.227
2021-10-11,6.23
2021-10-12,6.561
2021-10-13,6.255
2021-10-14,6.258
2021-10-15,6.303
2021-10-16,6.267
2021-10-17,6.27
2021-10-18,6.273
2021-10-19,6.315
2021-10-20,6.376
2021-10-21,6.281
2021-10-22,6.282
2021-10-23,6.105
2021-10-24,6.108
2021-10-25,6.111
2021-10-26,6.168
2021-10-27,6.122
2021-10-28,6.134
2021-10-29,6.137
2021-10-30,6.139
2021-10-31,6.142
2021-11-01,5.129
2021-11-02,5.074
2021-11-03,5.373
2021-11-04,6.065
2021-11-05,5.997
2021-11-06,6.023
2021-11-07,6.007
2021-11-08,6.009
2021-11-09,6.235
2021-11-10,6.23
2021-11-11,5.946
2021-11-12,5.948
2021-11-13,5.844
2021-11-14,5.847
2021-11-15,5.849
2021-11-16,5.985
2021-11-17,5.959
2021-11-18,5.961
2021-11-19,6.035
2021-11-20,6.002
2021-11-21,6.005
2021-11-22,6.007
2021-11-23,6.098
2021-11-24,6.065
2021-11-25,6.461
2021-11-26,6.497
2021-11-27,6.556
2021-11-28,6.559
2021-11-29,6.562
2021-11-30,6.61
2021-12-01,6.603
2021-12-02,6.527
2021-12-03,6.53
2021-12-04,6.533
2021-12-05,6.536
2021-12-06,6.026
2021-12-07,6.208
2021-12-08,6.355
2021-12-09,6.593
2021-12-10,6.561
2021-12-11,5.948
2021-12-12,6.558
2021-12-13,6.562
2021-12-14,6.675
2021-12-15,6.685
2021-12-16,6.742
2021-12-17,6.791
2021-12-18,6.822
2021-12-19,6.825
2021-12-20,6.829
2021-12-21,6.96
2021-12-22,7.172
2021-12-23,7.161
2021-12-24,7.23
2021-12-25,7.372
2021-12-26,7.376
2021-12-27,7.38
2021-12-28,7.392
2021-12-29,7.564
2021-12-30,7.631
2021-12-31,7.731
2022-01-01,7.645
2022-01-02,6.574
2022-01-03,7.197
2022-01-04,7.359
2022-01-05,7.744
2022-01-06,7.65
2022-01-07,8.331
2022-01-08,7.434
2022-01-09,7.438
2022-01-10,7.442
2022-01-11,7.566
2022-01-12,7.57
2022-01-13,7.585
2022-01-14,7.589
2022-01-15,7.386
2022-01-16,7.39
2022-01-17,7.394
2022-01-18,7.293
2022-01-19,7.209
2022-01-20,7.148
2022-01-21,6.83
2022-01-22,6.821
2022-01-23,6.824
2022-01-24,6.828
2022-01-25,6.844
2022-01-26,6.736
2022-01-27,6.566
2022-01-28,6.652
2022-01-29,6.681
2022-01-30,6.684
2022-01-31,6.687
2022-02-01,7.649
2022-02-02,6.571
2022-02-03,7.114
2022-02-04,6.503
2022-02-05,6.905
2022-02-06,6.461
2022-02-07,6.463
2022-02-08,8.303
2022-02-09,6.49
2022-02-10,6.379
2022-02-11,6.222
2022-02-12,6.493
2022-02-13,6.496
2022-02-14,6.498
2022-02-15,6.423
2022-02-16,6.569
2022-02-17,6.526
2022-02-18,6.487
2022-02-19,6.46
2022-02-20,6.463
2022-02-21,6.466
2022-02-22,6.443
2022-02-23,6.328
2022-02-24,6.57
2022-02-25,6.926
2022-02-26,7.056
2022-02-27,7.059
2022-02-28,7.063
2022-03-01,7.653
2022-03-02,6.426
2022-03-03,6.979
2022-03-04,6.982
2022-03-05,6.908
2022-03-06,7.735
2022-03-07,8.386
2022-03-08,7.054
2022-03-09,6.283
2022-03-10,7.084
2022-03-11,6.227
2022-03-12,4.684
2022-03-13,7.028
2022-03-14,7.031
2022-03-15,7.153
2022-03-16,7.097
2022-03-17,7.163
2022-03-18,6.986
2022-03-19,7.079
2022-03-20,7.083
2022-03-21,7.086
2022-03-22,7.098
2022-03-23,7.336
2022-03-24,6.922
2022-03-25,7.398
2022-03-26,7.421
2022-03-27,7.424
2022-03-28,7.428
2022-03-29,7.539
2022-03-30,7.338
2022-03-31,7.438
2022-04-01,7.665
2022-04-02,6.503
2022-04-03,7.396
2022-04-04,7.399
2022-04-05,6.911
2022-04-06,7.745
2022-04-07,8.391
2022-04-08,8.263
2022-04-09,7.332
2022-04-10,6.48
2022-04-11,6.179
2022-04-12,7.304
2022-04-13,7.277
2022-04-14,7.166
2022-04-15,7.108
2022-04-16,7.124
2022-04-17,7.127
2022-04-18,7.13
2022-04-19,7.064
2022-04-20,7.171
2022-04-21,7.16
2022-04-22,7.009
2022-04-23,7.171
2022-04-24,7.174
2022-04-25,7.177
2022-04-26,7.132
2022-04-27,7.093
2022-04-28,7.076
2022-04-29,6.977
2022-04-30,6.899
2022-05-01,6.902
2022-05-02,6.905
2022-05-03,6.887
2022-05-04,7.348
2022-05-05,6.914
2022-05-06,7.749
2022-05-07,8.471
2022-05-08,7.103
2022-05-09,6.287
2022-05-10,7.301
2022-05-11,7.362
2022-05-12,7.524
2022-05-13,7.845
2022-05-14,7.945
2022-05-15,7.949
2022-05-16,7.953
2022-05-17,7.9
2022-05-18,7.691
2022-05-19,7.752
2022-05-20,7.756
2022-05-21,7.917
2022-05-22,7.921
2022-05-23,7.925
2022-05-24,7.894
2022-05-25,8.185
2022-05-26,8.077
2022-05-27,8.05
2022-05-28,7.962
2022-05-29,7.966
2022-05-30,7.97
2022-05-31,7.956
2022-06-01,7.681
2022-06-02,6.461
2022-06-03,6.89
2022-06-04,7.745
2022-06-05,7.749
2022-06-06,7.753
2022-06-07,7.792
2022-06-08,7.881
2022-06-09,6.308
2022-06-10,6.576
2022-06-11,8.023
2022-06-12,4.478
2022-06-13,8.032
2022-06-14,8.163
2022-06-15,8.351
2022-06-16,8.352
2022-06-17,8.092
2022-06-18,8.239
2022-06-19,8.244
2022-06-20,8.248
2022-06-21,8.109
2022-06-22,8.139
2022-06-23,8.175
2022-06-24,8.202
2022-06-25,8.137
2022-06-26,8.141
2022-06-27,8.146
2022-06-28,8.145
2022-06-29,8.298
2022-06-30,8.265
2022-07-01,7.514
2022-07-02,6.463
2022-07-03,8.386
2022-07-04,8.391
2022-07-05,8.471
2022-07-06,8.395
2022-07-07,8.396
2022-07-08,8.002
2022-07-09,8.374
2022-07-10,8.378
2022-07-11,8.383
2022-07-12,8.388
2022-07-13,8.392
2022-07-14,8.462
2022-07-15,8.477
2022-07-16,8.482
2022-07-17,8.486
2022-07-18,8.491
2022-07-19,8.386
2022-07-20,8.256
2022-07-21,8.268
2022-07-22,8.02
2022-07-23,8.201
2022-07-24,8.205
2022-07-25,8.209
2022-07-26,8.462
2022-07-27,8.49
2022-07-28,8.449
2022-07-29,8.366
2022-07-30,8.373
2022-07-31,8.377
2022-08-01,7.434
2022-08-02,6.544
2022-08-03,8.42
2022-08-04,7.423
2022-08-05,8.33
2022-08-06,7.998
2022-08-07,8.002
2022-08-08,8.005
2022-08-09,6.372
2022-08-10,6.65
2022-08-11,7.779
2022-08-12,7.74
2022-08-13,7.583
2022-08-14,7.587
2022-08-15,7.59
2022-08-16,7.615
2022-08-17,7.624
2022-08-18,7.63
2022-08-19,7.442
2022-08-20,7.049
2022-08-21,7.052
2022-08-22,7.055
2022-08-23,6.119
2022-08-24,6.11
2022-08-25,5.989
2022-08-26,6.039
2022-08-27,6.339
2022-08-28,6.342
2022-08-29,6.344
2022-08-30,6.172
2022-08-31,6.174
2022-09-01,7.438
2022-09-02,6.264
2022-09-03,6.283
2022-09-04,7.332
2022-09-05,6.287
2022-09-06,6.308
2022-09-07,6.335
2022-09-08,6.372
2022-09-09,6.373
2022-09-10,6.653
2022-09-11,6.196
2022-09-12,6.433
2022-09-13,6.31
2022-09-14,6.371
2022-09-15,6.389
2022-09-16,6.523
2022-09-17,6.44
2022-09-18,6.442
2022-09-19,6.444
2022-09-20,6.491
2022-09-21,6.463
2022-09-22,6.446
2022-09-23,6.441
2022-09-24,6.273
2022-09-25,6.275
2022-09-26,6.277
2022-09-27,6.066
2022-09-28,6.344
2022-09-29,6.386
2022-09-30,6.41
2022-10-01,7.442
2022-10-02,6.379
2022-10-03,7.084
2022-10-04,7.336
2022-10-05,7.301
2022-10-06,6.576
2022-10-07,8.378
2022-10-08,7.964
2022-10-09,6.653
2022-10-10,6.655
2022-10-11,6.579
2022-10-12,6.568
2022-10-13,6.655
2022-10-14,6.812
2022-10-15,6.801
2022-10-16,6.804
2022-10-17,6.807
2022-10-18,6.799
2022-10-19,6.781
2022-10-20,6.524
2022-10-21,6.181
2022-10-22,5.995
2022-10-23,5.997
2022-10-24,5.999
2022-10-25,6.012
2022-10-26,6.112
2022-10-27,6.19
2022-10-28,6.268
2022-10-29,6.27
2022-10-30,6.273
2022-10-31,6.275
2022-11-01,7.566
2022-11-02,6.493
2022-11-03,7.033
2022-11-04,6.179
2022-11-05,6.178
2022-11-06,6.18
2022-11-07,6.183
2022-11-08,7.779
2022-11-09,6.196
2022-11-10,6.579
2022-11-11,5.946
2022-11-12,4.562
2022-11-13,5.887
2022-11-14,5.889
2022-11-15,5.678
2022-11-16,5.776
2022-11-17,5.655
2022-11-18,5.627
2022-11-19,5.277
2022-11-20,5.279
2022-11-21,5.281
2022-11-22,5.186
2022-11-23,4.866
2022-11-24,4.831
2022-11-25,4.734
2022-11-26,4.591
2022-11-27,4.592
2022-11-28,4.594
2022-11-29,4.532
2022-11-30,4.641
2022-12-01,7.57
2022-12-02,4.683
2022-12-03,4.684
2022-12-04,4.685
2022-12-05,4.687
2022-12-06,8.028
2022-12-07,8.388
2022-12-08,4.381
2022-12-09,6.433
2022-12-10,6.568
2022-12-11,4.562
2022-12-12,4.563
2022-12-13,4.566
2022-12-14,4.615
2022-12-15,4.712
2022-12-16,4.684
2022-12-17,4.448
2022-12-18,4.449
2022-12-19,4.451
2022-12-20,4.646
2022-12-21,4.55
2022-12-22,4.595
2022-12-23,4.516
2022-12-24,4.457
2022-12-25,4.458
2022-12-26,4.459
2022-12-27,4.632
2022-12-28,4.648
2022-12-29,4.738
2022-12-30,4.74
2022-12-31,4.477
2023-01-01,4.478
2023-01-02,4.636
2023-01-03,5.757
2023-01-04,5.704
2023-01-05,4.101
2023-01-06,5.814
2023-01-07,4.315
2023-01-08,5.952
2023-01-09,4.317
2023-01-10,4.337
2023-01-11,4.534
2023-01-12,4.747
2023-01-13,4.62
2023-01-14,4.675
2023-01-15,4.676
2023-01-16,4.678
2023-01-17,4.52
2023-01-18,4.547
2023-01-19,4.539
2023-01-20,4.593
2023-01-21,4.555
2023-01-22,4.556
2023-01-23,4.557
2023-01-24,4.535
2023-01-25,4.539
2023-01-26,4.548
2023-01-27,4.573
2023-01-28,4.491
2023-01-29,4.492
2023-01-30,4.494
2023-01-31,4.586
2023-02-01,4.479
2023-02-02,4.672
2023-02-03,5.759
2023-02-04,5.706
2023-02-05,4.093
2023-02-06,5.818
2023-02-07,5.892
2023-02-08,5.954
2023-02-09,5.716
2023-02-10,5.719
2023-02-11,5.723
2023-02-12,5.724
2023-02-13,5.725
2023-02-14,5.715
2023-02-15,5.712
2023-02-16,5.711
2023-02-17,5.714
2023-02-18,5.736
2023-02-19,5.737
2023-02-20,5.738
2023-02-21,5.746
2023-02-22,5.75
2023-02-23,5.758
2023-02-24,5.763
2023-02-25,5.763
2023-02-26,5.765
2023-02-27,5.766
2023-02-28,5.761
2023-03-01,4.106
2023-03-02,4.304
2023-03-03,5.767
2023-03-04,5.708
2023-03-05,5.712
2023-03-06,5.825
2023-03-07,5.894
2023-03-08,5.956
2023-03-09,5.769
2023-03-10,5.764
2023-03-11,5.761
2023-03-12,5.762
2023-03-13,5.763
2023-03-14,5.766
2023-03-15,5.763
2023-03-16,5.757
2023-03-17,5.75
2023-03-18,5.762
2023-03-19,5.763
2023-03-20,5.765
2023-03-21,5.758
2023-03-22,5.724
2023-03-23,5.707
2023-03-24,5.702
2023-03-25,5.705
2023-03-26,5.707
2023-03-27,5.709
2023-03-28,5.695
2023-03-29,5.709
2023-03-30,5.699
2023-03-31,5.739
2023-04-01,5.704
2023-04-02,5.706
2023-04-03,5.772
2023-04-04,5.685
2023-04-05,5.705
2023-04-06,5.704
2023-04-07,5.685
2023-04-08,5.958
2023-04-09,5.687
2023-04-10,5.689
2023-04-11,5.693
2023-04-12,5.681
2023-04-13,5.672
2023-04-14,5.674
2023-04-15,5.637
2023-04-16,5.64
2023-04-17,5.643
2023-04-18,5.655
2023-04-19,5.662
2023-04-20,5.68
2023-04-21,5.682
2023-04-22,5.685
2023-04-23,5.687
2023-04-24,5.69
2023-04-25,5.668
2023-04-26,5.676
2023-04-27,5.697
2023-04-28,5.697
2023-04-29,5.703
2023-04-30,5.706
2023-05-01,5.708
2023-05-02,4.093
2023-05-03,5.712
2023-05-04,5.705
2023-05-05,5.699
2023-05-06,5.83
2023-05-07,5.901
2023-05-08,5.688
2023-05-09,5.688
2023-05-10,5.71
2023-05-11,5.686
2023-05-12,5.664
2023-05-13,5.671
2023-05-14,5.674
2023-05-15,5.677
2023-05-16,5.758
2023-05-17,5.784
2023-05-18,5.803
2023-05-19,5.8
2023-05-20,5.802
2023-05-21,5.804
2023-05-22,5.806
2023-05-23,5.811
2023-05-24,5.781
2023-05-25,5.778
2023-05-26,5.792
2023-05-27,5.784
2023-05-28,5.787
2023-05-29,5.789
2023-05-30,5.799
2023-05-31,5.801
2023-06-01,4.164
2023-06-02,5.818
2023-06-03,5.774
2023-06-04,5.704
2023-06-05,5.682
2023-06-06,5.821
2023-06-07,5.83
2023-06-08,5.827
2023-06-09,5.829
2023-06-10,5.846
2023-06-11,5.848
2023-06-12,5.85
2023-06-13,5.85
2023-06-14,5.859
2023-06-15,5.868
2023-06-16,5.875
2023-06-17,5.877
2023-06-18,5.879
2023-06-19,5.881
2023-06-20,5.882
2023-06-21,5.876
2023-06-22,5.873
2023-06-23,5.879
2023-06-24,5.882
2023-06-25,5.884
2023-06-26,5.886
2023-06-27,5.882
2023-06-28,5.884
2023-06-29,5.886
2023-06-30,5.888
2023-07-01,5.89
2023-07-02,4.088
2023-07-03,5.764
2023-07-04,5.685
2023-07-05,5.901
2023-07-06,5.907
2023-07-07,5.914
2023-07-08,5.965
2023-07-09,5.913
2023-07-10,5.915
2023-07-11,5.917
2023-07-12,5.912
2023-07-13,5.914
2023-07-14,5.918
2023-07-15,5.922
2023-07-16,5.924
2023-07-17,5.926
2023-07-18,5.924
2023-07-19,5.927
2023-07-20,5.927
2023-07-21,5.929
2023-07-22,5.929
2023-07-23,5.931
2023-07-24,5.934
2023-07-25,5.938
2023-07-26,5.939
2023-07-27,5.94
2023-07-28,5.941
2023-07-29,5.943
2023-07-30,5.945
2023-07-31,5.948
2023-08-01,5.952
2023-08-02,5.724
2023-08-03,5.956
2023-08-04,5.685
2023-08-05,5.961
2023-08-06,5.963
2023-08-07,5.965
2023-08-08,5.968
2023-09-01,4.317
2023-09-02,5.716
2023-09-03,5.769
2023-09-04,5.687
2023-09-05,5.688
2023-09-06,5.829
2023-09-07,5.913
2023-10-01,4.337
2023-10-02,5.719
2023-10-03,5.764
2023-10-04,5.689
2023-10-05,5.71
2023-10-06,5.846
2023-10-07,5.915
2023-11-01,4.534
2023-11-02,5.723
2023-11-03,5.761
2023-11-04,5.693
2023-11-05,5.686
2023-11-06,5.848
2023-11-07,5.917
2023-12-01,4.747
2023-12-02,5.724
2023-12-03,5.762
2023-12-04,5.681
2023-12-05,5.664
2023-12-06,5.85
2023-12-07,5.912
